0.01,-3.1315926535897933,-0.0058784194631318065
0.01,-3.0315926535897932,-0.013134425524098001
0.01,-2.931592653589793,0.004157732022019391
0.01,-2.8315926535897935,-0.020957922456878567
0.01,-2.7315926535897934,-0.019970880425416934
0.01,-2.6315926535897933,0.005238572600631341
0.01,-2.5315926535897932,0.003513783248055925
0.01,-2.431592653589793,0.005961595807240173
0.01,-2.3315926535897935,0.0031747226095628794
0.01,-2.2315926535897934,-0.02307116239509139
0.01,-2.1315926535897933,-0.0028125683081616877
0.01,-2.0315926535897932,-0.00747102421070713
0.01,-1.9315926535897932,0.001284819475470652
0.01,-1.8315926535897933,0.019963681657929125
0.01,-1.7315926535897932,-0.007908902087396388
0.01,-1.6315926535897933,0.008609069204807172
0.01,-1.5315926535897932,-0.014774137280939372
0.01,-1.4315926535897932,-0.013373728207872436
0.01,-1.3315926535897933,0.034394293135254106
0.01,-1.2315926535897932,0.027193001132953597
0.01,-1.1315926535897933,-0.015195846866458647
0.01,-1.0315926535897932,-0.019437844836627572
0.01,-0.9315926535897932,-0.0054913375622616875
0.01,-0.8315926535897931,0.004233347620813082
0.01,-0.731592653589793,0.024497667418420535
0.01,-0.6315926535897933,0.02258304543054239
0.01,-0.5315926535897932,-0.011950789763526856
0.01,-0.43159265358979315,0.015412259091893896
0.01,-0.33159265358979306,-0.029573921585947342
0.01,-0.23159265358979297,0.001218602558097314
0.01,-0.13159265358979333,0.0013952386267531936
0.01,-0.03159265358979324,-0.006326378324682186
0.01,0.06840734641020685,-0.017159686062772826
0.01,0.16840734641020694,-0.012625782943909727
0.01,0.268407346410207,-0.001461166118392098
0.01,0.36840734641020667,-0.01400624922283525
0.01,0.46840734641020676,-0.01963607622183967
0.01,0.5684073464102068,0.011546575479215301
0.01,0.6684073464102069,-0.029727811404171432
0.01,0.768407346410207,-0.033143331872189034
0.01,0.8684073464102067,0.01974688786053875
0.01,0.9684073464102072,0.015176011034269698
0.01,1.0684073464102068,0.008788122761453026
0.01,1.1684073464102065,-0.021799213715226487
0.01,1.268407346410207,0.009097756462546009
0.01,1.3684073464102067,0.004284447799580966
0.01,1.4684073464102072,0.03874386845771388
0.01,1.5684073464102068,0.009093056517166487
0.01,1.6684073464102074,-0.02017614120538711
0.01,1.768407346410207,0.03354205227112457
0.01,1.8684073464102067,0.016219098195999333
0.01,1.9684073464102072,-0.007856457826924738
0.01,2.068407346410207,-0.06708093652763228
0.01,2.1684073464102074,0.04007036589632125
0.01,2.268407346410207,0.03673948312255385
0.01,2.3684073464102067,-0.00033671165904822394
0.01,2.468407346410207,-0.028754946231360885
0.01,2.568407346410207,-0.011449163786082586
0.01,2.6684073464102074,-0.007537113577166972
0.01,2.768407346410207,0.04034525163566305
0.01,2.8684073464102067,-0.02557236292293939
0.01,2.968407346410207,0.00635375145294286
0.01,3.068407346410207,0.017583007723811803
0.11,-3.1315926535897933,0.007856762739696339
0.11,-3.0315926535897932,0.011523209676702907
0.11,-2.931592653589793,-0.008128544065726443
0.11,-2.8315926535897935,-0.012557695084499545
0.11,-2.7315926535897934,-0.0070314817378956005
0.11,-2.6315926535897933,0.0019228575954339296
0.11,-2.5315926535897932,-0.0026426862590914106
0.11,-2.431592653589793,-0.013045332498313831
0.11,-2.3315926535897935,0.022540232173556607
0.11,-2.2315926535897934,-0.05079737229566291
0.11,-2.1315926535897933,-0.041989833321784964
0.11,-2.0315926535897932,-0.016146519872374785
0.11,-1.9315926535897932,-0.018809163846370356
0.11,-1.8315926535897933,-0.012843932943283735
0.11,-1.7315926535897932,0.01919307650796772
0.11,-1.6315926535897933,0.00033670514245309757
0.11,-1.5315926535897932,0.006039303606368727
0.11,-1.4315926535897932,0.01407515862629007
0.11,-1.3315926535897933,-0.014375105211943715
0.11,-1.2315926535897932,-0.04041559141800517
0.11,-1.1315926535897933,0.0007506528955730334
0.11,-1.0315926535897932,0.01964755431687483
0.11,-0.9315926535897932,0.0024254059540725226
0.11,-0.8315926535897931,-0.017781712127478463
0.11,-0.731592653589793,-0.018408639511514724
0.11,-0.6315926535897933,-0.05227145169447038
0.11,-0.5315926535897932,-0.00779949912661058
0.11,-0.43159265358979315,-0.034065363163529386
0.11,-0.33159265358979306,-0.027077129120440455
0.11,-0.23159265358979297,0.0034732400929963474
0.11,-0.13159265358979333,0.03161436829522453
0.11,-0.03159265358979324,-0.0005395513382976183
0.11,0.06840734641020685,0.008498610406458308
0.11,0.16840734641020694,-0.0021588746376169764
0.11,0.268407346410207,-0.023663285611403885
0.11,0.36840734641020667,0.03181177919629982
0.11,0.46840734641020676,0.035397889006068356
0.11,0.5684073464102068,0.025518434207210693
0.11,0.6684073464102069,-0.012924580630043949
0.11,0.768407346410207,0.026902489971831922
0.11,0.8684073464102067,-0.015526184172564727
0.11,0.9684073464102072,-0.017336091573723636
0.11,1.0684073464102068,0.006514754131704067
0.11,1.1684073464102065,0.0005579949207757586
0.11,1.268407346410207,-0.015209195895671317
0.11,1.3684073464102067,0.014600595362210214
0.11,1.4684073464102072,0.02117324709851488
0.11,1.5684073464102068,0.0018444122723573048
0.11,1.6684073464102074,-0.03278809452354338
0.11,1.768407346410207,-0.038254972385597864
0.11,1.8684073464102067,-0.011920935465333635
0.11,1.9684073464102072,-0.02243406751259736
0.11,2.068407346410207,-0.02630041592500307
0.11,2.1684073464102074,-0.043435146707336975
0.11,2.268407346410207,0.012386969726970253
0.11,2.3684073464102067,-0.0037695440931443773
0.11,2.468407346410207,0.004270955150831137
0.11,2.568407346410207,-0.01093043839390637
0.11,2.6684073464102074,0.013044167087172098
0.11,2.768407346410207,0.010647756380681737
0.11,2.8684073464102067,-0.005735856463839525
0.11,2.968407346410207,0.004437016643627135
0.11,3.068407346410207,0.022118386477502135
0.21000000000000002,-3.1315926535897933,-0.004868274073471423
0.21000000000000002,-3.0315926535897932,-0.027835043934528965
0.21000000000000002,-2.931592653589793,0.00233765421727985
0.21000000000000002,-2.8315926535897935,0.010585841450716484
0.21000000000000002,-2.7315926535897934,-0.002058642833488361
0.21000000000000002,-2.6315926535897933,-0.014076365306015994
0.21000000000000002,-2.5315926535897932,0.0009387578470013347
0.21000000000000002,-2.431592653589793,0.026440945417990618
0.21000000000000002,-2.3315926535897935,0.0012439144106267605
0.21000000000000002,-2.2315926535897934,-0.003940606752161996
0.21000000000000002,-2.1315926535897933,0.010024852411155584
0.21000000000000002,-2.0315926535897932,-0.008456980969020585
0.21000000000000002,-1.9315926535897932,0.012007061070664769
0.21000000000000002,-1.8315926535897933,-0.02303706142250883
0.21000000000000002,-1.7315926535897932,-0.018753549728779746
0.21000000000000002,-1.6315926535897933,-0.004377895532946023
0.21000000000000002,-1.5315926535897932,-0.01595911841268444
0.21000000000000002,-1.4315926535897932,0.014106088049882046
0.21000000000000002,-1.3315926535897933,0.004656316920015717
0.21000000000000002,-1.2315926535897932,0.004880577423945858
0.21000000000000002,-1.1315926535897933,0.0017045373091127065
0.21000000000000002,-1.0315926535897932,-0.00608197094009422
0.21000000000000002,-0.9315926535897932,-0.018321307196937604
0.21000000000000002,-0.8315926535897931,-0.04261667003776441
0.21000000000000002,-0.731592653589793,0.029428812019582234
0.21000000000000002,-0.6315926535897933,-0.011514147272041565
0.21000000000000002,-0.5315926535897932,0.0014586193112000306
0.21000000000000002,-0.43159265358979315,0.040221480814577826
0.21000000000000002,-0.33159265358979306,0.04850715806128107
0.21000000000000002,-0.23159265358979297,-0.0030280381214400735
0.21000000000000002,-0.13159265358979333,-0.008333086696350536
0.21000000000000002,-0.03159265358979324,-0.017212116071889355
0.21000000000000002,0.06840734641020685,0.009858820246739638
0.21000000000000002,0.16840734641020694,-0.015705313573444627
0.21000000000000002,0.268407346410207,0.011409527360437164
0.21000000000000002,0.36840734641020667,0.021133817545169627
0.21000000000000002,0.46840734641020676,-0.009449960259383494
0.21000000000000002,0.5684073464102068,0.01306248571151561
0.21000000000000002,0.6684073464102069,-0.01927651597408953
0.21000000000000002,0.768407346410207,0.03013069202283914
0.21000000000000002,0.8684073464102067,-0.0064391577552375965
0.21000000000000002,0.9684073464102072,-0.005134472255951766
0.21000000000000002,1.0684073464102068,-0.016079832293970503
0.21000000000000002,1.1684073464102065,-0.013285937605597877
0.21000000000000002,1.268407346410207,-0.031243122090727778
0.21000000000000002,1.3684073464102067,0.008586627466471196
0.21000000000000002,1.4684073464102072,-0.0025494706108205962
0.21000000000000002,1.5684073464102068,0.014229686415667159
0.21000000000000002,1.6684073464102074,0.004759681701139458
0.21000000000000002,1.768407346410207,-0.005138830894413774
0.21000000000000002,1.8684073464102067,0.0071021883202148
0.21000000000000002,1.9684073464102072,-0.003244813216971297
0.21000000000000002,2.068407346410207,-0.00017690672086049554
0.21000000000000002,2.1684073464102074,0.037030220847102606
0.21000000000000002,2.268407346410207,-0.014808812022507084
0.21000000000000002,2.3684073464102067,-0.0079662499876449
0.21000000000000002,2.468407346410207,0.010575453171676791
0.21000000000000002,2.568407346410207,0.021095332559689647
0.21000000000000002,2.6684073464102074,-0.019882260403454456
0.21000000000000002,2.768407346410207,0.02232003356613284
0.21000000000000002,2.8684073464102067,-0.011907219916937802
0.21000000000000002,2.968407346410207,0.01450560136433452
0.21000000000000002,3.068407346410207,0.004054439445519224
0.31000000000000005,-3.1315926535897933,-0.0234732480256402
0.31000000000000005,-3.0315926535897932,-0.018188380823844295
0.31000000000000005,-2.931592653589793,-0.010487307215557018
0.31000000000000005,-2.8315926535897935,0.01857494436353659
0.31000000000000005,-2.7315926535897934,-0.006537524105326868
0.31000000000000005,-2.6315926535897933,-0.013766955400004043
0.31000000000000005,-2.5315926535897932,0.006143674096702202
0.31000000000000005,-2.431592653589793,-0.013553359095834463
0.31000000000000005,-2.3315926535897935,0.01430692272421397
0.31000000000000005,-2.2315926535897934,-0.004149523891106225
0.31000000000000005,-2.1315926535897933,0.011186189176567881
0.31000000000000005,-2.0315926535897932,0.004207325300238082
0.31000000000000005,-1.9315926535897932,0.007794623493761666
0.31000000000000005,-1.8315926535897933,0.0074476154641095514
0.31000000000000005,-1.7315926535897932,-0.015304709963993867
0.31000000000000005,-1.6315926535897933,0.009836260373947792
0.31000000000000005,-1.5315926535897932,0.02319300163623021
0.31000000000000005,-1.4315926535897932,0.015047913293575155
0.31000000000000005,-1.3315926535897933,0.01359540002411068
0.31000000000000005,-1.2315926535897932,-0.005770729096893077
0.31000000000000005,-1.1315926535897933,-0.004604767760720557
0.31000000000000005,-1.0315926535897932,-0.04748795535936422
0.31000000000000005,-0.9315926535897932,0.03863075509568807
0.31000000000000005,-0.8315926535897931,0.014238784945454818
0.31000000000000005,-0.731592653589793,0.0017590849505147686
0.31000000000000005,-0.6315926535897933,0.04900267027129308
0.31000000000000005,-0.5315926535897932,-0.04802358529935625
0.31000000000000005,-0.43159265358979315,0.012382103603792969
0.31000000000000005,-0.33159265358979306,0.00662288052613044
0.31000000000000005,-0.23159265358979297,0.013262027967883259
0.31000000000000005,-0.13159265358979333,0.0022026616748999405
0.31000000000000005,-0.03159265358979324,0.009609229472326375
0.31000000000000005,0.06840734641020685,0.02203316196550508
0.31000000000000005,0.16840734641020694,-0.011376887311112721
0.31000000000000005,0.268407346410207,0.002384315663943038
0.31000000000000005,0.36840734641020667,0.008258111714730615
0.31000000000000005,0.46840734641020676,-0.008385387217023671
0.31000000000000005,0.5684073464102068,0.042831821422728664
0.31000000000000005,0.6684073464102069,-0.006234170361874913
0.31000000000000005,0.768407346410207,-0.01823970154170537
0.31000000000000005,0.8684073464102067,-0.020783017053044354
0.31000000000000005,0.9684073464102072,0.006775451305300316
0.31000000000000005,1.0684073464102068,0.023981711891977384
0.31000000000000005,1.1684073464102065,0.007287455690421369
0.31000000000000005,1.268407346410207,-0.01210789355220419
0.31000000000000005,1.3684073464102067,-0.006481658357042473
0.31000000000000005,1.4684073464102072,0.002882513228577722
0.31000000000000005,1.5684073464102068,0.011523991463033017
0.31000000000000005,1.6684073464102074,-0.0011858755453063668
0.31000000000000005,1.768407346410207,0.020127120689761475
0.31000000000000005,1.8684073464102067,0.03426554085511794
0.31000000000000005,1.9684073464102072,-0.0014246266948892505
0.31000000000000005,2.068407346410207,-0.013547886268296814
0.31000000000000005,2.1684073464102074,-0.0009895849830636088
0.31000000000000005,2.268407346410207,0.026359515700553518
0.31000000000000005,2.3684073464102067,0.016816335399661146
0.31000000000000005,2.468407346410207,0.013868508980434359
0.31000000000000005,2.568407346410207,0.01423449318492456
0.31000000000000005,2.6684073464102074,-0.012826257218908628
0.31000000000000005,2.768407346410207,0.011624521857429435
0.31000000000000005,2.8684073464102067,-0.007926807947688604
0.31000000000000005,2.968407346410207,-0.0037941297193628066
0.31000000000000005,3.068407346410207,0.04650263545156512
0.41000000000000003,-3.1315926535897933,-0.005949379804992461
0.41000000000000003,-3.0315926535897932,-0.01302310830070993
0.41000000000000003,-2.931592653589793,0.004149878088006464
0.41000000000000003,-2.8315926535897935,0.025701207411891025
0.41000000000000003,-2.7315926535897934,-0.028902460261703997
0.41000000000000003,-2.6315926535897933,-0.019567799477320843
0.41000000000000003,-2.5315926535897932,0.00810036231028638
0.41000000000000003,-2.431592653589793,-0.0003362358091665747
0.41000000000000003,-2.3315926535897935,-0.005919294951302997
0.41000000000000003,-2.2315926535897934,0.013612954285440588
0.41000000000000003,-2.1315926535897933,-0.016916977462157496
0.41000000000000003,-2.0315926535897932,-0.008313487820791029
0.41000000000000003,-1.9315926535897932,-0.018333284938947845
0.41000000000000003,-1.8315926535897933,-0.020339527312994918
0.41000000000000003,-1.7315926535897932,0.0018178428990491755
0.41000000000000003,-1.6315926535897933,-0.011374791943699298
0.41000000000000003,-1.5315926535897932,0.008275090080206614
0.41000000000000003,-1.4315926535897932,-0.028032473652065917
0.41000000000000003,-1.3315926535897933,-0.002462583453636493
0.41000000000000003,-1.2315926535897932,-0.007858631991829063
0.41000000000000003,-1.1315926535897933,0.023768799495320434
0.41000000000000003,-1.0315926535897932,-0.012769428546813087
0.41000000000000003,-0.9315926535897932,0.003599112111621189
0.41000000000000003,-0.8315926535897931,0.004942796523048474
0.41000000000000003,-0.731592653589793,0.00674473414430563
0.41000000000000003,-0.6315926535897933,0.014136711243514854
0.41000000000000003,-0.5315926535897932,-0.013418165044064227
0.41000000000000003,-0.43159265358979315,0.0011267124594655648
0.41000000000000003,-0.33159265358979306,-0.014698900695081934
0.41000000000000003,-0.23159265358979297,-0.00559723884547382
0.41000000000000003,-0.13159265358979333,0.023387620908203507
0.41000000000000003,-0.03159265358979324,0.03406058229777663
0.41000000000000003,0.06840734641020685,0.0296757993133208
0.41000000000000003,0.16840734641020694,-0.027103779306282088
0.41000000000000003,0.268407346410207,0.01808785196714427
0.41000000000000003,0.36840734641020667,-0.012550563452368432
0.41000000000000003,0.46840734641020676,0.007814884005591763
0.41000000000000003,0.5684073464102068,0.05572226900688483
0.41000000000000003,0.6684073464102069,0.015668666674498205
0.41000000000000003,0.768407346410207,0.020959276678277742
0.41000000000000003,0.8684073464102067,0.0040290300647696795
0.41000000000000003,0.9684073464102072,-0.03692703431062139
0.41000000000000003,1.0684073464102068,0.002124376587462416
0.41000000000000003,1.1684073464102065,-0.015037347554231778
0.41000000000000003,1.268407346410207,-0.02030916627843052
0.41000000000000003,1.3684073464102067,-0.004133650451004287
0.41000000000000003,1.4684073464102072,0.030863886053024467
0.41000000000000003,1.5684073464102068,-0.0019519358564541395
0.41000000000000003,1.6684073464102074,0.012180071159564255
0.41000000000000003,1.768407346410207,0.03281076539065443
0.41000000000000003,1.8684073464102067,0.00563480872848008
0.41000000000000003,1.9684073464102072,0.018030360964586066
0.41000000000000003,2.068407346410207,-0.010394965725554681
0.41000000000000003,2.1684073464102074,0.005188656582602711
0.41000000000000003,2.268407346410207,-0.02342295917700003
0.41000000000000003,2.3684073464102067,0.01822267908221496
0.41000000000000003,2.468407346410207,0.01789773503952115
0.41000000000000003,2.568407346410207,0.03204602942621475
0.41000000000000003,2.6684073464102074,-0.02403953321732172
0.41000000000000003,2.768407346410207,0.016035546816849634
0.41000000000000003,2.8684073464102067,0.0012145963660337052
0.41000000000000003,2.968407346410207,-0.00702691420226262
0.41000000000000003,3.068407346410207,0.03727898052077998
0.51,-3.1315926535897933,0.0035087507429796515
0.51,-3.0315926535897932,-0.008299850335753329
0.51,-2.931592653589793,0.03314957885785235
0.51,-2.8315926535897935,-0.01906201482267798
0.51,-2.7315926535897934,0.03467562029074894
0.51,-2.6315926535897933,-0.01330911502073341
0.51,-2.5315926535897932,-0.018974477859913286
0.51,-2.431592653589793,0.028104223255038023
0.51,-2.3315926535897935,-0.020880666160431917
0.51,-2.2315926535897934,-0.0080467099410176
0.51,-2.1315926535897933,0.015709002103833403
0.51,-2.0315926535897932,0.009962959169447876
0.51,-1.9315926535897932,0.01204207205657168
0.51,-1.8315926535897933,-0.008021077520503373
0.51,-1.7315926535897932,-0.0016138385977873615
0.51,-1.6315926535897933,-0.0002457287600584686
0.51,-1.5315926535897932,0.006793212178491128
0.51,-1.4315926535897932,-0.020723334483206
0.51,-1.3315926535897933,0.017167719686635555
0.51,-1.2315926535897932,-0.01513792225275213
0.51,-1.1315926535897933,0.0031435355391408962
0.51,-1.0315926535897932,0.001258511684607196
0.51,-0.9315926535897932,-0.06442661830423153
0.51,-0.8315926535897931,-0.0029966508926403657
0.51,-0.731592653589793,0.013935300812766794
0.51,-0.6315926535897933,-0.04125596568125965
0.51,-0.5315926535897932,0.009308711183947285
0.51,-0.43159265358979315,-0.009540837639974204
0.51,-0.33159265358979306,-0.005293621566245261
0.51,-0.23159265358979297,-0.0036384723179383894
0.51,-0.13159265358979333,-0.024641474217520835
0.51,-0.03159265358979324,0.0005782603282553861
0.51,0.06840734641020685,-0.01338758785763269
0.51,0.16840734641020694,0.01565825589766274
0.51,0.268407346410207,0.031060095914590757
0.51,0.36840734641020667,0.037928016043297014
0.51,0.46840734641020676,-0.0004854181801165619
0.51,0.5684073464102068,-0.011999102520275473
0.51,0.6684073464102069,-0.002636558560457448
0.51,0.768407346410207,0.0037392542552194333
0.51,0.8684073464102067,0.00648344948103807
0.51,0.9684073464102072,0.031128428385789022
0.51,1.0684073464102068,0.0023452420590459365
0.51,1.1684073464102065,-0.031544533576843586
0.51,1.268407346410207,-0.005856587940169109
0.51,1.3684073464102067,-0.017561189012012157
0.51,1.4684073464102072,0.01644486476612929
0.51,1.5684073464102068,-0.00683040925533664
0.51,1.6684073464102074,0.01319828002110741
0.51,1.768407346410207,-0.00880088852665054
0.51,1.8684073464102067,0.0038630599028449102
0.51,1.9684073464102072,0.025094045195450748
0.51,2.068407346410207,-0.04429477661426622
0.51,2.1684073464102074,0.04148887353069508
0.51,2.268407346410207,0.014128413479992054
0.51,2.3684073464102067,0.015778838416749673
0.51,2.468407346410207,0.006581799624935964
0.51,2.568407346410207,0.005391028410233795
0.51,2.6684073464102074,-0.018525089743127443
0.51,2.768407346410207,0.024559178158424802
0.51,2.8684073464102067,0.028312394264669003
0.51,2.968407346410207,-0.04207086108674288
0.51,3.068407346410207,0.0032743774153555344
0.6100000000000001,-3.1315926535897933,0.013577993351205284
0.6100000000000001,-3.0315926535897932,0.015706167609651576
0.6100000000000001,-2.931592653589793,0.01888803667572794
0.6100000000000001,-2.8315926535897935,0.01085723571705471
0.6100000000000001,-2.7315926535897934,0.0025015036627743254
0.6100000000000001,-2.6315926535897933,0.008571446791411896
0.6100000000000001,-2.5315926535897932,0.008090635116004696
0.6100000000000001,-2.431592653589793,0.007779352882445138
0.6100000000000001,-2.3315926535897935,0.021612071926800997
0.6100000000000001,-2.2315926535897934,0.007198923764784056
0.6100000000000001,-2.1315926535897933,0.03212962358542157
0.6100000000000001,-2.0315926535897932,-0.023303949656477745
0.6100000000000001,-1.9315926535897932,-0.01848169002194734
0.6100000000000001,-1.8315926535897933,0.015728422872186808
0.6100000000000001,-1.7315926535897932,-0.00016546127838372557
0.6100000000000001,-1.6315926535897933,-0.009966665928561623
0.6100000000000001,-1.5315926535897932,0.007921284889088621
0.6100000000000001,-1.4315926535897932,0.00731872509265153
0.6100000000000001,-1.3315926535897933,0.010742170072603589
0.6100000000000001,-1.2315926535897932,-0.029132766266023975
0.6100000000000001,-1.1315926535897933,-0.02400824310207758
0.6100000000000001,-1.0315926535897932,-0.01530900086107892
0.6100000000000001,-0.9315926535897932,0.024543405452787895
0.6100000000000001,-0.8315926535897931,-0.0003130715887868108
0.6100000000000001,-0.731592653589793,-0.009138138119310336
0.6100000000000001,-0.6315926535897933,-0.014096162402255532
0.6100000000000001,-0.5315926535897932,0.007561150906794722
0.6100000000000001,-0.43159265358979315,0.007951457353114734
0.6100000000000001,-0.33159265358979306,-0.0034995333755739686
0.6100000000000001,-0.23159265358979297,0.018208169700531424
0.6100000000000001,-0.13159265358979333,-0.006916029262829068
0.6100000000000001,-0.03159265358979324,-0.0094207788200863
0.6100000000000001,0.06840734641020685,0.00950291361423307
0.6100000000000001,0.16840734641020694,-0.011815536132317166
0.6100000000000001,0.268407346410207,-0.02536466268445979
0.6100000000000001,0.36840734641020667,0.03289971495234383
0.6100000000000001,0.46840734641020676,-0.032478319727904686
0.6100000000000001,0.5684073464102068,-0.040763811923710376
0.6100000000000001,0.6684073464102069,0.006220036079207945
0.6100000000000001,0.768407346410207,0.03114193090427987
0.6100000000000001,0.8684073464102067,0.01375114227961244
0.6100000000000001,0.9684073464102072,-0.01454447724103651
0.6100000000000001,1.0684073464102068,-0.01855729724501876
0.6100000000000001,1.1684073464102065,0.013449280519681705
0.6100000000000001,1.268407346410207,0.005955647247176
0.6100000000000001,1.3684073464102067,-0.008390306901626888
0.6100000000000001,1.4684073464102072,0.02392996060174242
0.6100000000000001,1.5684073464102068,0.008595155354310945
0.6100000000000001,1.6684073464102074,-0.009801392882198718
0.6100000000000001,1.768407346410207,0.00040876244737562874
0.6100000000000001,1.8684073464102067,0.015645368305661628
0.6100000000000001,1.9684073464102072,-0.022036097312766303
0.6100000000000001,2.068407346410207,-0.014447260443838756
0.6100000000000001,2.1684073464102074,0.0034777985915825657
0.6100000000000001,2.268407346410207,-0.005618958573044005
0.6100000000000001,2.3684073464102067,0.013099694828921002
0.6100000000000001,2.468407346410207,0.0011926895107668989
0.6100000000000001,2.568407346410207,0.00423464779857882
0.6100000000000001,2.6684073464102074,0.0190196143866964
0.6100000000000001,2.768407346410207,0.005537940165788525
0.6100000000000001,2.8684073464102067,-0.004479291928203828
0.6100000000000001,2.968407346410207,-0.007016589693429997
0.6100000000000001,3.068407346410207,0.00864760836097586
0.7100000000000001,-3.1315926535897933,0.014231875755478815
0.7100000000000001,-3.0315926535897932,-0.004180818977953036
0.7100000000000001,-2.931592653589793,-0.0005491984242031161
0.7100000000000001,-2.8315926535897935,-0.009671695567138292
0.7100000000000001,-2.7315926535897934,-0.012442826082933556
0.7100000000000001,-2.6315926535897933,0.0184060107865143
0.7100000000000001,-2.5315926535897932,0.031648295008745705
0.7100000000000001,-2.431592653589793,-0.0007874394840667381
0.7100000000000001,-2.3315926535897935,0.0017831084601350848
0.7100000000000001,-2.2315926535897934,-0.003707920261063629
0.7100000000000001,-2.1315926535897933,0.000732865385567623
0.7100000000000001,-2.0315926535897932,-0.007437354747693039
0.7100000000000001,-1.9315926535897932,0.0004792106240120806
0.7100000000000001,-1.8315926535897933,-0.014416019678293188
0.7100000000000001,-1.7315926535897932,-0.02397735851044719
0.7100000000000001,-1.6315926535897933,0.0010494595942424601
0.7100000000000001,-1.5315926535897932,0.004285853048968717
0.7100000000000001,-1.4315926535897932,0.022854517679235402
0.7100000000000001,-1.3315926535897933,-0.005833301875010756
0.7100000000000001,-1.2315926535897932,-0.010682830061031294
0.7100000000000001,-1.1315926535897933,0.021820271854041763
0.7100000000000001,-1.0315926535897932,0.019970898234637362
0.7100000000000001,-0.9315926535897932,-0.006347142903753418
0.7100000000000001,-0.8315926535897931,-0.0013495012955935526
0.7100000000000001,-0.731592653589793,0.04063406314249067
0.7100000000000001,-0.6315926535897933,0.011291600205756414
0.7100000000000001,-0.5315926535897932,-0.03089830412571901
0.7100000000000001,-0.43159265358979315,-0.029233387985382386
0.7100000000000001,-0.33159265358979306,-0.03800272909210047
0.7100000000000001,-0.23159265358979297,-0.019957755022662307
0.7100000000000001,-0.13159265358979333,0.04670008060199812
0.7100000000000001,-0.03159265358979324,0.003889179461340663
0.7100000000000001,0.06840734641020685,-0.00522070492248019
0.7100000000000001,0.16840734641020694,-0.0035133820131168815
0.7100000000000001,0.268407346410207,-0.02653681958635424
0.7100000000000001,0.36840734641020667,-0.02094814215728378
0.7100000000000001,0.46840734641020676,-0.0028907216754912764
0.7100000000000001,0.5684073464102068,-0.010598975575468371
0.7100000000000001,0.6684073464102069,-0.011671138604934433
0.7100000000000001,0.768407346410207,0.014439331687546917
0.7100000000000001,0.8684073464102067,-0.0013562527104577157
0.7100000000000001,0.9684073464102072,0.031393654161895906
0.7100000000000001,1.0684073464102068,-0.013625337627015899
0.7100000000000001,1.1684073464102065,0.01596512307953929
0.7100000000000001,1.268407346410207,-0.016273576802287273
0.7100000000000001,1.3684073464102067,-0.027354832334474825
0.7100000000000001,1.4684073464102072,0.0029829527298636024
0.7100000000000001,1.5684073464102068,0.03601038032320109
0.7100000000000001,1.6684073464102074,-0.004768753364429853
0.7100000000000001,1.768407346410207,-0.005759548539202179
0.7100000000000001,1.8684073464102067,-0.01831641102830563
0.7100000000000001,1.9684073464102072,-0.02893383436817877
0.7100000000000001,2.068407346410207,-0.0035948647615828815
0.7100000000000001,2.1684073464102074,-0.015348316339585631
0.7100000000000001,2.268407346410207,-0.004713913228936417
0.7100000000000001,2.3684073464102067,0.011877732173640274
0.7100000000000001,2.468407346410207,-0.011217090308343166
0.7100000000000001,2.568407346410207,-0.0171818483190269
0.7100000000000001,2.6684073464102074,-0.005632692103231054
0.7100000000000001,2.768407346410207,0.0033432578921272784
0.7100000000000001,2.8684073464102067,-0.008139290514024655
0.7100000000000001,2.968407346410207,0.0015283037075925262
0.7100000000000001,3.068407346410207,-0.010918427141918955
0.81,-3.1315926535897933,0.0029436576109867
0.81,-3.0315926535897932,-0.01539285006465646
0.81,-2.931592653589793,0.00265636282742022
0.81,-2.8315926535897935,-0.017252697825407004
0.81,-2.7315926535897934,-0.0191656346052156
0.81,-2.6315926535897933,-0.020794444846202853
0.81,-2.5315926535897932,-0.004344212476786508
0.81,-2.431592653589793,0.03060123018915647
0.81,-2.3315926535897935,-0.0015064406528312135
0.81,-2.2315926535897934,-0.02232716155599415
0.81,-2.1315926535897933,-0.0019205204404316749
0.81,-2.0315926535897932,0.016396367894814887
0.81,-1.9315926535897932,-0.04449618918831659
0.81,-1.8315926535897933,-0.018562188996299692
0.81,-1.7315926535897932,-0.013897931318552527
0.81,-1.6315926535897933,0.008406720904805445
0.81,-1.5315926535897932,0.0037184214686563433
0.81,-1.4315926535897932,0.014111873616728957
0.81,-1.3315926535897933,0.00007000750170363087
0.81,-1.2315926535897932,0.00957333805877311
0.81,-1.1315926535897933,0.003019989997195261
0.81,-1.0315926535897932,-0.04191632689852609
0.81,-0.9315926535897932,-0.025135613425513945
0.81,-0.8315926535897931,-0.0012163049924020764
0.81,-0.731592653589793,0.0074231213518552415
0.81,-0.6315926535897933,-0.002181674355748574
0.81,-0.5315926535897932,0.01345765884194543
0.81,-0.43159265358979315,0.01892946817872545
0.81,-0.33159265358979306,-0.01563158812623745
0.81,-0.23159265358979297,-0.01947162625021887
0.81,-0.13159265358979333,-0.04114364381916855
0.81,-0.03159265358979324,-0.008260888841015782
0.81,0.06840734641020685,-0.04874745553575002
0.81,0.16840734641020694,-0.00009007207562934856
0.81,0.268407346410207,0.003518904540315086
0.81,0.36840734641020667,0.01546517119478959
0.81,0.46840734641020676,0.0243116716122418
0.81,0.5684073464102068,-0.021563870003367264
0.81,0.6684073464102069,-0.028509356505394965
0.81,0.768407346410207,0.012179746194416561
0.81,0.8684073464102067,-0.018181282585998458
0.81,0.9684073464102072,0.004131320013916507
0.81,1.0684073464102068,-0.0027724227262524914
0.81,1.1684073464102065,-0.0029382304267687523
0.81,1.268407346410207,-0.025156758743071293
0.81,1.3684073464102067,-0.01429138706450649
0.81,1.4684073464102072,-0.0207732234951538
0.81,1.5684073464102068,-0.0095782382997202
0.81,1.6684073464102074,-0.005784474682268618
0.81,1.768407346410207,0.0029566568452140127
0.81,1.8684073464102067,0.00860416644819422
0.81,1.9684073464102072,-0.0303829042275404
0.81,2.068407346410207,0.00553474495349376
0.81,2.1684073464102074,-0.01137766670487792
0.81,2.268407346410207,-0.0008052508512390998
0.81,2.3684073464102067,0.003972701654312358
0.81,2.468407346410207,0.029477843965420233
0.81,2.568407346410207,-0.020088459964391202
0.81,2.6684073464102074,0.015562193594763601
0.81,2.768407346410207,-0.039894511779321254
0.81,2.8684073464102067,-0.01478880595697177
0.81,2.968407346410207,-0.0030616805845450866
0.81,3.068407346410207,-0.003746510181864289
0.91,-3.1315926535897933,-0.026522903936791242
0.91,-3.0315926535897932,-0.02228026760248677
0.91,-2.931592653589793,0.01788310531491827
0.91,-2.8315926535897935,-0.04243399378494718
0.91,-2.7315926535897934,0.0013548338532040367
0.91,-2.6315926535897933,-0.005680214891434597
0.91,-2.5315926535897932,0.014384479768986588
0.91,-2.431592653589793,-0.01873717964253675
0.91,-2.3315926535897935,0.003180277136084232
0.91,-2.2315926535897934,0.008125757907701911
0.91,-2.1315926535897933,0.03061810996881436
0.91,-2.0315926535897932,0.01535616814998707
0.91,-1.9315926535897932,-0.0027254184610574373
0.91,-1.8315926535897933,-0.042193927653291774
0.91,-1.7315926535897932,-0.004947010993623503
0.91,-1.6315926535897933,-0.021081698485665233
0.91,-1.5315926535897932,-0.03405829554012302
0.91,-1.4315926535897932,0.014233264770790455
0.91,-1.3315926535897933,-0.0028911262844507676
0.91,-1.2315926535897932,-0.011995332712755557
0.91,-1.1315926535897933,0.029208818841421125
0.91,-1.0315926535897932,-0.014260245594640572
0.91,-0.9315926535897932,-0.008972887062549983
0.91,-0.8315926535897931,0.009186274944623747
0.91,-0.731592653589793,-0.05125174623844066
0.91,-0.6315926535897933,-0.008501194657647032
0.91,-0.5315926535897932,0.023757333431403467
0.91,-0.43159265358979315,0.014896880694057752
0.91,-0.33159265358979306,-0.030840638980401458
0.91,-0.23159265358979297,-0.0006506713447633535
0.91,-0.13159265358979333,0.029124460704091526
0.91,-0.03159265358979324,0.001348246726350739
0.91,0.06840734641020685,0.005881853686127896
0.91,0.16840734641020694,0.001258973449028855
0.91,0.268407346410207,-0.018945732632089037
0.91,0.36840734641020667,-0.013575107111572072
0.91,0.46840734641020676,0.0018594337400797373
0.91,0.5684073464102068,0.019870611916705878
0.91,0.6684073464102069,-0.04061063792061373
0.91,0.768407346410207,-0.06628492119307249
0.91,0.8684073464102067,0.005164437280555398
0.91,0.9684073464102072,-0.040784001417114475
0.91,1.0684073464102068,0.011992691416293009
0.91,1.1684073464102065,-0.007517307477478698
0.91,1.268407346410207,-0.009335567455068718
0.91,1.3684073464102067,-0.006426252891944059
0.91,1.4684073464102072,-0.013104455748430758
0.91,1.5684073464102068,-0.027684379395810046
0.91,1.6684073464102074,-0.020392828411033712
0.91,1.768407346410207,-0.01741498149270134
0.91,1.8684073464102067,0.05567443684380688
0.91,1.9684073464102072,0.012743687631798659
0.91,2.068407346410207,-0.009159805982737535
0.91,2.1684073464102074,0.03706795117637894
0.91,2.268407346410207,-0.0011132732101570841
0.91,2.3684073464102067,0.009173106377954805
0.91,2.468407346410207,0.007941337873024324
0.91,2.568407346410207,0.029067485515509722
0.91,2.6684073464102074,-0.005609115380081277
0.91,2.768407346410207,-0.022407087583548275
0.91,2.8684073464102067,0.05286217320744156
0.91,2.968407346410207,0.0037531803187354565
0.91,3.068407346410207,0.013661568678004663
1.01,-3.1315926535897933,-0.028929770035616094
1.01,-3.0315926535897932,-0.04166239838276985
1.01,-2.931592653589793,0.001609835840334659
1.01,-2.8315926535897935,0.002964291752088642
1.01,-2.7315926535897934,0.001777912942507582
1.01,-2.6315926535897933,0.020759092405539234
1.01,-2.5315926535897932,-0.0011312080046155509
1.01,-2.431592653589793,0.0008839905500181234
1.01,-2.3315926535897935,-0.0064676315259642545
1.01,-2.2315926535897934,0.017947703728136602
1.01,-2.1315926535897933,-0.008821934057254878
1.01,-2.0315926535897932,0.0078808058029474
1.01,-1.9315926535897932,0.010088182739889599
1.01,-1.8315926535897933,0.003603863764864623
1.01,-1.7315926535897932,0.01803961169671112
1.01,-1.6315926535897933,0.007960443550118542
1.01,-1.5315926535897932,-0.01430256539336775
1.01,-1.4315926535897932,-0.046232285021062115
1.01,-1.3315926535897933,-0.021457896971811285
1.01,-1.2315926535897932,-0.035985479051409905
1.01,-1.1315926535897933,-0.025159821551280624
1.01,-1.0315926535897932,0.00746691102094153
1.01,-0.9315926535897932,-0.01961929533393771
1.01,-0.8315926535897931,0.015706461900010255
1.01,-0.731592653589793,-0.047693279553815485
1.01,-0.6315926535897933,0.01611895905977375
1.01,-0.5315926535897932,0.043720682457730475
1.01,-0.43159265358979315,-0.044059924835424875
1.01,-0.33159265358979306,-0.044100697970378695
1.01,-0.23159265358979297,-0.031088094961422258
1.01,-0.13159265358979333,-0.022225073478453653
1.01,-0.03159265358979324,-0.004097710454001899
1.01,0.06840734641020685,0.023858422113000113
1.01,0.16840734641020694,0.00736370051287656
1.01,0.268407346410207,-0.011138104338995659
1.01,0.36840734641020667,-0.014692885887726539
1.01,0.46840734641020676,-0.005829815047856102
1.01,0.5684073464102068,0.0007853081411748376
1.01,0.6684073464102069,-0.016506568230411144
1.01,0.768407346410207,-0.0022180697337747524
1.01,0.8684073464102067,-0.017405865439846346
1.01,0.9684073464102072,0.016175599744894673
1.01,1.0684073464102068,0.02502358877570881
1.01,1.1684073464102065,0.013562509569118811
1.01,1.268407346410207,-0.010217780760758419
1.01,1.3684073464102067,0.0002292053447666767
1.01,1.4684073464102072,0.0072775811135062105
1.01,1.5684073464102068,0.01906759341494623
1.01,1.6684073464102074,0.021683925432786154
1.01,1.768407346410207,0.02738162401058554
1.01,1.8684073464102067,-0.027116857905814654
1.01,1.9684073464102072,-0.01360872602854715
1.01,2.068407346410207,-0.024923636776960155
1.01,2.1684073464102074,0.016574292226149027
1.01,2.268407346410207,-0.0030002033046730298
1.01,2.3684073464102067,0.0050432799211010855
1.01,2.468407346410207,0.012722941236650213
1.01,2.568407346410207,0.023802017030734895
1.01,2.6684073464102074,-0.004418582152062549
1.01,2.768407346410207,-0.016033921406936175
1.01,2.8684073464102067,-0.03455123591980265
1.01,2.968407346410207,-0.034348387181123166
1.01,3.068407346410207,-0.02076156402752949
1.11,-3.1315926535897933,0.020791915640353105
1.11,-3.0315926535897932,0.02276641125122503
1.11,-2.931592653589793,-0.028191983095218674
1.11,-2.8315926535897935,0.0035492717457186796
1.11,-2.7315926535897934,0.00946938208826564
1.11,-2.6315926535897933,-0.0041463610182399385
1.11,-2.5315926535897932,0.033119767808003034
1.11,-2.431592653589793,-0.001487532556067147
1.11,-2.3315926535897935,0.027951033765523572
1.11,-2.2315926535897934,-0.04071924692049926
1.11,-2.1315926535897933,0.008904655533313884
1.11,-2.0315926535897932,-0.006132934437839594
1.11,-1.9315926535897932,-0.02795589293727657
1.11,-1.8315926535897933,0.0010926209657254604
1.11,-1.7315926535897932,0.029880983530161113
1.11,-1.6315926535897933,0.00327660846383406
1.11,-1.5315926535897932,0.008778149536210072
1.11,-1.4315926535897932,0.021268335342385397
1.11,-1.3315926535897933,-0.002741096142240074
1.11,-1.2315926535897932,0.016871186459317716
1.11,-1.1315926535897933,-0.00939693412940145
1.11,-1.0315926535897932,0.005603567902285223
1.11,-0.9315926535897932,0.00034030525989304974
1.11,-0.8315926535897931,0.02914949219865332
1.11,-0.731592653589793,-0.0030564503545344977
1.11,-0.6315926535897933,0.0329516937333067
1.11,-0.5315926535897932,-0.03502232670303938
1.11,-0.43159265358979315,-0.006084997915694266
1.11,-0.33159265358979306,0.0029410696643456472
1.11,-0.23159265358979297,0.026919894901138244
1.11,-0.13159265358979333,-0.012114064089366428
1.11,-0.03159265358979324,0.02205219954517261
1.11,0.06840734641020685,0.020698472975883574
1.11,0.16840734641020694,-0.022729082942325264
1.11,0.268407346410207,0.018888131517915848
1.11,0.36840734641020667,-0.01369912980359201
1.11,0.46840734641020676,-0.017887566101314364
1.11,0.5684073464102068,-0.01687161528754579
1.11,0.6684073464102069,0.017245278570718815
1.11,0.768407346410207,0.03111345152109199
1.11,0.8684073464102067,0.03574094228471448
1.11,0.9684073464102072,-0.024632595835245637
1.11,1.0684073464102068,0.005317952008065608
1.11,1.1684073464102065,0.026750297532468954
1.11,1.268407346410207,-0.02054856089335371
1.11,1.3684073464102067,-0.015708950254102006
1.11,1.4684073464102072,0.0041536774258354595
1.11,1.5684073464102068,0.005124887423264584
1.11,1.6684073464102074,0.026829391889065968
1.11,1.768407346410207,-0.009349516564374561
1.11,1.8684073464102067,-0.008865638851501559
1.11,1.9684073464102072,-0.030517763369916275
1.11,2.068407346410207,-0.0015966325349830411
1.11,2.1684073464102074,-0.00569346562604954
1.11,2.268407346410207,-0.00008569758631367559
1.11,2.3684073464102067,-0.01863482203756283
1.11,2.468407346410207,-0.01665767816730012
1.11,2.568407346410207,-0.0002487635955445485
1.11,2.6684073464102074,0.02373373822293831
1.11,2.768407346410207,0.004276705565052502
1.11,2.8684073464102067,0.028099408204573538
1.11,2.968407346410207,0.016444337996045257
1.11,3.068407346410207,-0.0017410358186297859
1.2100000000000002,-3.1315926535897933,-0.0032017609852657974
1.2100000000000002,-3.0315926535897932,-0.014683230242344487
1.2100000000000002,-2.931592653589793,0.009660954280612118
1.2100000000000002,-2.8315926535897935,0.022827690596068526
1.2100000000000002,-2.7315926535897934,-0.0009046097565651163
1.2100000000000002,-2.6315926535897933,-0.017796936951339888
1.2100000000000002,-2.5315926535897932,-0.0036653277569920085
1.2100000000000002,-2.431592653589793,0.026132955719822007
1.2100000000000002,-2.3315926535897935,-0.03559367544533893
1.2100000000000002,-2.2315926535897934,0.015795702967371067
1.2100000000000002,-2.1315926535897933,0.02104123009047453
1.2100000000000002,-2.0315926535897932,-0.00941389583506708
1.2100000000000002,-1.9315926535897932,-0.020547307543566574
1.2100000000000002,-1.8315926535897933,0.04670301816945925
1.2100000000000002,-1.7315926535897932,-0.002261517577518154
1.2100000000000002,-1.6315926535897933,0.005858213995742199
1.2100000000000002,-1.5315926535897932,-0.044978728359404294
1.2100000000000002,-1.4315926535897932,-0.034660786190614835
1.2100000000000002,-1.3315926535897933,0.000251165818988118
1.2100000000000002,-1.2315926535897932,0.01528186941184069
1.2100000000000002,-1.1315926535897933,-0.014558969229325416
1.2100000000000002,-1.0315926535897932,0.01523903291104135
1.2100000000000002,-0.9315926535897932,-0.009654573158874444
1.2100000000000002,-0.8315926535897931,-0.002325393191781327
1.2100000000000002,-0.731592653589793,-0.00213732617679135
1.2100000000000002,-0.6315926535897933,0.015713363799720458
1.2100000000000002,-0.5315926535897932,0.025717471421697384
1.2100000000000002,-0.43159265358979315,0.011792133356625233
1.2100000000000002,-0.33159265358979306,0.00874278104338749
1.2100000000000002,-0.23159265358979297,0.0016321710918801718
1.2100000000000002,-0.13159265358979333,-0.01562148669720374
1.2100000000000002,-0.03159265358979324,0.02138505508644247
1.2100000000000002,0.06840734641020685,0.01261256624464158
1.2100000000000002,0.16840734641020694,-0.017270305329969468
1.2100000000000002,0.268407346410207,-0.010131122197542704
1.2100000000000002,0.36840734641020667,0.029364986234437822
1.2100000000000002,0.46840734641020676,-0.004591432962724422
1.2100000000000002,0.5684073464102068,-0.004943793871491359
1.2100000000000002,0.6684073464102069,-0.013354466895625656
1.2100000000000002,0.768407346410207,0.03775442203219716
1.2100000000000002,0.8684073464102067,0.009764199121044925
1.2100000000000002,0.9684073464102072,0.004301034280636368
1.2100000000000002,1.0684073464102068,0.02020645248427822
1.2100000000000002,1.1684073464102065,-0.0021451699921915812
1.2100000000000002,1.268407346410207,-0.017715672770169395
1.2100000000000002,1.3684073464102067,-0.0017871218344087606
1.2100000000000002,1.4684073464102072,-0.002035638445329023
1.2100000000000002,1.5684073464102068,0.03199493154892345
1.2100000000000002,1.6684073464102074,0.019975401603041516
1.2100000000000002,1.768407346410207,-0.04384592625707905
1.2100000000000002,1.8684073464102067,-0.018811274748114514
1.2100000000000002,1.9684073464102072,-0.029000169188721864
1.2100000000000002,2.068407346410207,0.02577247461237437
1.2100000000000002,2.1684073464102074,-0.00447191559771765
1.2100000000000002,2.268407346410207,0.03695964151418982
1.2100000000000002,2.3684073464102067,-0.03226277009042076
1.2100000000000002,2.468407346410207,-0.040489142804726604
1.2100000000000002,2.568407346410207,-0.024555612168504902
1.2100000000000002,2.6684073464102074,0.027932208874693575
1.2100000000000002,2.768407346410207,-0.014240909622043342
1.2100000000000002,2.8684073464102067,0.018710041741452115
1.2100000000000002,2.968407346410207,-0.012411681735545728
1.2100000000000002,3.068407346410207,0.01484857752888011
1.3100000000000003,-3.1315926535897933,-0.016136198520185944
1.3100000000000003,-3.0315926535897932,-0.017310365846767758
1.3100000000000003,-2.931592653589793,-0.0285347035040932
1.3100000000000003,-2.8315926535897935,-0.01966366764575794
1.3100000000000003,-2.7315926535897934,-0.015333280381568181
1.3100000000000003,-2.6315926535897933,0.011460734300135191
1.3100000000000003,-2.5315926535897932,-0.012486411565251595
1.3100000000000003,-2.431592653589793,0.05153718406832737
1.3100000000000003,-2.3315926535897935,0.021023466408855954
1.3100000000000003,-2.2315926535897934,0.021820619373185815
1.3100000000000003,-2.1315926535897933,-0.010971368694368
1.3100000000000003,-2.0315926535897932,-0.0026606168062662614
1.3100000000000003,-1.9315926535897932,-0.025487330595381538
1.3100000000000003,-1.8315926535897933,-0.093541787214136
1.3100000000000003,-1.7315926535897932,0.015976308641522656
1.3100000000000003,-1.6315926535897933,-0.022175555322090833
1.3100000000000003,-1.5315926535897932,0.014720176450204929
1.3100000000000003,-1.4315926535897932,0.026472400698149663
1.3100000000000003,-1.3315926535897933,-0.021312626905891106
1.3100000000000003,-1.2315926535897932,0.0053176756589271845
1.3100000000000003,-1.1315926535897933,-0.02687266296976595
1.3100000000000003,-1.0315926535897932,0.01707609259296519
1.3100000000000003,-0.9315926535897932,0.00644476289454961
1.3100000000000003,-0.8315926535897931,-0.008256532538080986
1.3100000000000003,-0.731592653589793,-0.03003826964015861
1.3100000000000003,-0.6315926535897933,-0.004023157015823883
1.3100000000000003,-0.5315926535897932,-0.01099916204603131
1.3100000000000003,-0.43159265358979315,0.0015585988105032244
1.3100000000000003,-0.33159265358979306,-0.005709246175726612
1.3100000000000003,-0.23159265358979297,-0.017993998593028245
1.3100000000000003,-0.13159265358979333,-0.0007544987957215886
1.3100000000000003,-0.03159265358979324,0.03426640339037329
1.3100000000000003,0.06840734641020685,0.005784476268815073
1.3100000000000003,0.16840734641020694,0.0032668176875449845
1.3100000000000003,0.268407346410207,-0.017883272337533902
1.3100000000000003,0.36840734641020667,-0.0036651074902884695
1.3100000000000003,0.46840734641020676,-0.0008758371930737488
1.3100000000000003,0.5684073464102068,0.032620994338745365
1.3100000000000003,0.6684073464102069,-0.01151070028954391
1.3100000000000003,0.768407346410207,0.023312183696333557
1.3100000000000003,0.8684073464102067,-0.011631292008275682
1.3100000000000003,0.9684073464102072,0.022646572683947756
1.3100000000000003,1.0684073464102068,-0.031011759130949834
1.3100000000000003,1.1684073464102065,0.018224073713621905
1.3100000000000003,1.268407346410207,-0.035530299585062604
1.3100000000000003,1.3684073464102067,-0.020529076452430395
1.3100000000000003,1.4684073464102072,-0.01631450047464692
1.3100000000000003,1.5684073464102068,-0.011658179290808115
1.3100000000000003,1.6684073464102074,-0.00007872418809001108
1.3100000000000003,1.768407346410207,0.022920988546825626
1.3100000000000003,1.8684073464102067,-0.003444410312433503
1.3100000000000003,1.9684073464102072,0.0036787571564634945
1.3100000000000003,2.068407346410207,0.019369026524747823
1.3100000000000003,2.1684073464102074,-0.047382220970520236
1.3100000000000003,2.268407346410207,0.009750111110178422
1.3100000000000003,2.3684073464102067,0.023208301565854045
1.3100000000000003,2.468407346410207,-0.009044321119369932
1.3100000000000003,2.568407346410207,0.0008085531074126795
1.3100000000000003,2.6684073464102074,-0.007892657360882708
1.3100000000000003,2.768407346410207,0.041714914777177224
1.3100000000000003,2.8684073464102067,-0.0004529749612987143
1.3100000000000003,2.968407346410207,0.024027547665207233
1.3100000000000003,3.068407346410207,-0.0001837806151110061
1.4100000000000001,-3.1315926535897933,-0.0012449783806851994
1.4100000000000001,-3.0315926535897932,-0.012643714341390399
1.4100000000000001,-2.931592653589793,-0.01314433158250129
1.4100000000000001,-2.8315926535897935,-0.013408348025585317
1.4100000000000001,-2.7315926535897934,0.034615065254202916
1.4100000000000001,-2.6315926535897933,-0.0066874955897176765
1.4100000000000001,-2.5315926535897932,0.01398846909864106
1.4100000000000001,-2.431592653589793,0.01571338707707246
1.4100000000000001,-2.3315926535897935,-0.00039785831825717545
1.4100000000000001,-2.2315926535897934,0.00815531987105329
1.4100000000000001,-2.1315926535897933,0.0015491154573108673
1.4100000000000001,-2.0315926535897932,-0.012677421209316527
1.4100000000000001,-1.9315926535897932,-0.012912143600029026
1.4100000000000001,-1.8315926535897933,-0.025646154666762733
1.4100000000000001,-1.7315926535897932,0.020626488793320134
1.4100000000000001,-1.6315926535897933,0.015487810908647493
1.4100000000000001,-1.5315926535897932,-0.02795499995980381
1.4100000000000001,-1.4315926535897932,0.03198103400840912
1.4100000000000001,-1.3315926535897933,-0.001348083407278065
1.4100000000000001,-1.2315926535897932,-0.027957093411244274
1.4100000000000001,-1.1315926535897933,-0.05403884235184829
1.4100000000000001,-1.0315926535897932,0.011435814192778039
1.4100000000000001,-0.9315926535897932,-0.011944739168079296
1.4100000000000001,-0.8315926535897931,-0.0026227257535492484
1.4100000000000001,-0.731592653589793,0.0004375095752634675
1.4100000000000001,-0.6315926535897933,0.011534733645381783
1.4100000000000001,-0.5315926535897932,-0.012926048967708477
1.4100000000000001,-0.43159265358979315,0.013105622111176286
1.4100000000000001,-0.33159265358979306,-0.018446545971523374
1.4100000000000001,-0.23159265358979297,-0.05062888335374424
1.4100000000000001,-0.13159265358979333,-0.03575682601979779
1.4100000000000001,-0.03159265358979324,-0.007573594846917987
1.4100000000000001,0.06840734641020685,-0.009390834324787467
1.4100000000000001,0.16840734641020694,-0.006745216506735933
1.4100000000000001,0.268407346410207,0.007474598990986462
1.4100000000000001,0.36840734641020667,0.009211199922895366
1.4100000000000001,0.46840734641020676,0.02787571930522133
1.4100000000000001,0.5684073464102068,0.029731428852242253
1.4100000000000001,0.6684073464102069,0.03128053240863524
1.4100000000000001,0.768407346410207,-0.005653794801418867
1.4100000000000001,0.8684073464102067,-0.014557570007115108
1.4100000000000001,0.9684073464102072,0.0056923479932880225
1.4100000000000001,1.0684073464102068,-0.00853684546255766
1.4100000000000001,1.1684073464102065,0.03527002722116082
1.4100000000000001,1.268407346410207,-0.006961833577730902
1.4100000000000001,1.3684073464102067,0.038157173654773946
1.4100000000000001,1.4684073464102072,0.0096832822539481
1.4100000000000001,1.5684073464102068,-0.01821283327447863
1.4100000000000001,1.6684073464102074,-0.022085949907855625
1.4100000000000001,1.768407346410207,-0.04762459473990104
1.4100000000000001,1.8684073464102067,0.01701019508870451
1.4100000000000001,1.9684073464102072,-0.01159629184473529
1.4100000000000001,2.068407346410207,-0.017346311994221063
1.4100000000000001,2.1684073464102074,-0.01714407705352581
1.4100000000000001,2.268407346410207,-0.002042122926365123
1.4100000000000001,2.3684073464102067,0.015371304193109683
1.4100000000000001,2.468407346410207,0.01389282327971225
1.4100000000000001,2.568407346410207,0.009872608329296246
1.4100000000000001,2.6684073464102074,0.039083476358830985
1.4100000000000001,2.768407346410207,-0.0009825661506735446
1.4100000000000001,2.8684073464102067,0.011130893358401252
1.4100000000000001,2.968407346410207,0.005213640885260693
1.4100000000000001,3.068407346410207,0.014287867239425293
1.5100000000000002,-3.1315926535897933,-0.023833187546555005
1.5100000000000002,-3.0315926535897932,-0.007969452510439842
1.5100000000000002,-2.931592653589793,0.011996213230503129
1.5100000000000002,-2.8315926535897935,-0.0018807651566901291
1.5100000000000002,-2.7315926535897934,0.029670816733184956
1.5100000000000002,-2.6315926535897933,0.0223709534412759
1.5100000000000002,-2.5315926535897932,-0.012708801738285997
1.5100000000000002,-2.431592653589793,0.010548614516119392
1.5100000000000002,-2.3315926535897935,0.0011241595641644068
1.5100000000000002,-2.2315926535897934,0.0464107080944291
1.5100000000000002,-2.1315926535897933,-0.020330686928692224
1.5100000000000002,-2.0315926535897932,0.015118012214536646
1.5100000000000002,-1.9315926535897932,-0.02921758570590616
1.5100000000000002,-1.8315926535897933,0.00022278117476906816
1.5100000000000002,-1.7315926535897932,-0.03801021700385291
1.5100000000000002,-1.6315926535897933,0.008715002844278188
1.5100000000000002,-1.5315926535897932,-0.028882350841167477
1.5100000000000002,-1.4315926535897932,-0.02949734926266876
1.5100000000000002,-1.3315926535897933,-0.03597699357521653
1.5100000000000002,-1.2315926535897932,0.04579177805408524
1.5100000000000002,-1.1315926535897933,0.03807383211199348
1.5100000000000002,-1.0315926535897932,-0.015070095292490305
1.5100000000000002,-0.9315926535897932,-0.0051922195636239414
1.5100000000000002,-0.8315926535897931,-0.04744134721280051
1.5100000000000002,-0.731592653589793,-0.0075045030989733365
1.5100000000000002,-0.6315926535897933,-0.010007397759589792
1.5100000000000002,-0.5315926535897932,0.01182416706716119
1.5100000000000002,-0.43159265358979315,-0.0507046666444177
1.5100000000000002,-0.33159265358979306,0.025524483550103685
1.5100000000000002,-0.23159265358979297,0.019599671871094883
1.5100000000000002,-0.13159265358979333,0.011455025208991835
1.5100000000000002,-0.03159265358979324,-0.006005841643679993
1.5100000000000002,0.06840734641020685,0.0016387469909195454
1.5100000000000002,0.16840734641020694,0.0025229108933757516
1.5100000000000002,0.268407346410207,0.003733278411584544
1.5100000000000002,0.36840734641020667,-0.006183144037359735
1.5100000000000002,0.46840734641020676,-0.005151546573298785
1.5100000000000002,0.5684073464102068,-0.025818185312696914
1.5100000000000002,0.6684073464102069,0.03177862975278639
1.5100000000000002,0.768407346410207,-0.025999720171650385
1.5100000000000002,0.8684073464102067,-0.01914377305598613
1.5100000000000002,0.9684073464102072,-0.038274092820689644
1.5100000000000002,1.0684073464102068,-0.02475623921848959
1.5100000000000002,1.1684073464102065,-0.013999047214987036
1.5100000000000002,1.268407346410207,-0.018041768835006772
1.5100000000000002,1.3684073464102067,0.013853015428158129
1.5100000000000002,1.4684073464102072,-0.01747248867357177
1.5100000000000002,1.5684073464102068,0.006770777020610687
1.5100000000000002,1.6684073464102074,0.013689890816140925
1.5100000000000002,1.768407346410207,0.05357813782836825
1.5100000000000002,1.8684073464102067,-0.014151991894164405
1.5100000000000002,1.9684073464102072,-0.011034282594993602
1.5100000000000002,2.068407346410207,0.021503169156407004
1.5100000000000002,2.1684073464102074,-0.014597126105860132
1.5100000000000002,2.268407346410207,-0.046752484364662714
1.5100000000000002,2.3684073464102067,-0.009441925733424988
1.5100000000000002,2.468407346410207,-0.02703017387291503
1.5100000000000002,2.568407346410207,-0.0202527946233512
1.5100000000000002,2.6684073464102074,-0.007861252497282548
1.5100000000000002,2.768407346410207,-0.015818105774119857
1.5100000000000002,2.8684073464102067,0.005967144697764968
1.5100000000000002,2.968407346410207,-0.019780431730717227
1.5100000000000002,3.068407346410207,-0.0037401903948007242
1.61,-3.1315926535897933,0.028009317387728813
1.61,-3.0315926535897932,0.00846958549399471
1.61,-2.931592653589793,-0.012147482075665178
1.61,-2.8315926535897935,0.007421084020168353
1.61,-2.7315926535897934,0.03462367922716133
1.61,-2.6315926535897933,-0.0021856787805767095
1.61,-2.5315926535897932,-0.040320242929795365
1.61,-2.431592653589793,0.005131549535915942
1.61,-2.3315926535897935,-0.02594146624562796
1.61,-2.2315926535897934,0.008919562887974384
1.61,-2.1315926535897933,0.021076080763502498
1.61,-2.0315926535897932,0.008844575383481833
1.61,-1.9315926535897932,-0.040360397850841424
1.61,-1.8315926535897933,-0.01359928740815335
1.61,-1.7315926535897932,-0.01619206566833732
1.61,-1.6315926535897933,-0.005952318361265326
1.61,-1.5315926535897932,0.005698078578843873
1.61,-1.4315926535897932,0.004846714255894054
1.61,-1.3315926535897933,-0.0005271615449245147
1.61,-1.2315926535897932,-0.014200668926933191
1.61,-1.1315926535897933,0.02155803706550405
1.61,-1.0315926535897932,-0.009152036876130927
1.61,-0.9315926535897932,-0.023351255585152438
1.61,-0.8315926535897931,-0.034416988214052695
1.61,-0.731592653589793,0.024899297074636933
1.61,-0.6315926535897933,0.033841457366727064
1.61,-0.5315926535897932,-0.011577526576927583
1.61,-0.43159265358979315,-0.029557804999096986
1.61,-0.33159265358979306,0.004438327409511586
1.61,-0.23159265358979297,-0.0004357246596546837
1.61,-0.13159265358979333,-0.004995791449150955
1.61,-0.03159265358979324,-0.033662260484036644
1.61,0.06840734641020685,-0.011619579316427518
1.61,0.16840734641020694,-0.004121064893985176
1.61,0.268407346410207,0.0023474211117610333
1.61,0.36840734641020667,0.007102926703260035
1.61,0.46840734641020676,0.0015348254690326496
1.61,0.5684073464102068,0.00020148276042482836
1.61,0.6684073464102069,0.010762478539255214
1.61,0.768407346410207,-0.025428123436204066
1.61,0.8684073464102067,0.010551790392616892
1.61,0.9684073464102072,-0.008403650285791533
1.61,1.0684073464102068,0.019088473665019288
1.61,1.1684073464102065,0.03115625845918181
1.61,1.268407346410207,0.04726710277967275
1.61,1.3684073464102067,0.006517924893406461
1.61,1.4684073464102072,0.016662440950706608
1.61,1.5684073464102068,0.010139272313017618
1.61,1.6684073464102074,0.02081208990307741
1.61,1.768407346410207,-0.013511576622853733
1.61,1.8684073464102067,0.009546539461620079
1.61,1.9684073464102072,-0.010913429847751087
1.61,2.068407346410207,0.019027324232311484
1.61,2.1684073464102074,0.03481533745663917
1.61,2.268407346410207,-0.007093091961879492
1.61,2.3684073464102067,0.001481507395942448
1.61,2.468407346410207,-0.03426785150706069
1.61,2.568407346410207,-0.038406920087427424
1.61,2.6684073464102074,-0.01204032714565282
1.61,2.768407346410207,-0.01819050792383086
1.61,2.8684073464102067,0.014074411460756603
1.61,2.968407346410207,-0.038218717793069686
1.61,3.068407346410207,0.03435169006006028
1.7100000000000002,-3.1315926535897933,0.027389777817586877
1.7100000000000002,-3.0315926535897932,0.006643710164556189
1.7100000000000002,-2.931592653589793,-0.030156457077116467
1.7100000000000002,-2.8315926535897935,0.025180202823885854
1.7100000000000002,-2.7315926535897934,0.004556984361223212
1.7100000000000002,-2.6315926535897933,0.0030202026821582995
1.7100000000000002,-2.5315926535897932,0.0040628973504933455
1.7100000000000002,-2.431592653589793,0.015582245721634743
1.7100000000000002,-2.3315926535897935,-0.033982227357049075
1.7100000000000002,-2.2315926535897934,0.007674410511663842
1.7100000000000002,-2.1315926535897933,0.073612385182942
1.7100000000000002,-2.0315926535897932,0.014094147956364149
1.7100000000000002,-1.9315926535897932,-0.02777471867752416
1.7100000000000002,-1.8315926535897933,0.0071367762079490756
1.7100000000000002,-1.7315926535897932,-0.01158533450579495
1.7100000000000002,-1.6315926535897933,0.0015364329277801105
1.7100000000000002,-1.5315926535897932,-0.003923777766799631
1.7100000000000002,-1.4315926535897932,-0.0018419402769628487
1.7100000000000002,-1.3315926535897933,-0.014076429002431948
1.7100000000000002,-1.2315926535897932,0.042555953308121064
1.7100000000000002,-1.1315926535897933,0.026933391702618104
1.7100000000000002,-1.0315926535897932,-0.029997184007776893
1.7100000000000002,-0.9315926535897932,-0.00007689048591901469
1.7100000000000002,-0.8315926535897931,-0.016518929644079187
1.7100000000000002,-0.731592653589793,0.019991161233642297
1.7100000000000002,-0.6315926535897933,-0.029549870073449266
1.7100000000000002,-0.5315926535897932,-0.003931641290200726
1.7100000000000002,-0.43159265358979315,-0.05196217615598425
1.7100000000000002,-0.33159265358979306,0.017671197876757333
1.7100000000000002,-0.23159265358979297,-0.012524815317750545
1.7100000000000002,-0.13159265358979333,-0.0291328219362174
1.7100000000000002,-0.03159265358979324,0.014586492474818719
1.7100000000000002,0.06840734641020685,-0.006050826079503599
1.7100000000000002,0.16840734641020694,0.05552171920067241
1.7100000000000002,0.268407346410207,0.022457242229665587
1.7100000000000002,0.36840734641020667,-0.015820538655610436
1.7100000000000002,0.46840734641020676,0.026988462919516808
1.7100000000000002,0.5684073464102068,0.008277155891862883
1.7100000000000002,0.6684073464102069,-0.0085342270963197
1.7100000000000002,0.768407346410207,-0.04627667644236532
1.7100000000000002,0.8684073464102067,0.007806464289646153
1.7100000000000002,0.9684073464102072,-0.008059674779602365
1.7100000000000002,1.0684073464102068,-0.00243172263287808
1.7100000000000002,1.1684073464102065,0.08019134402975425
1.7100000000000002,1.268407346410207,0.0049479212738019925
1.7100000000000002,1.3684073464102067,-0.012062006791721227
1.7100000000000002,1.4684073464102072,-0.00881319241351176
1.7100000000000002,1.5684073464102068,-0.023315397068978616
1.7100000000000002,1.6684073464102074,0.01327355111920081
1.7100000000000002,1.768407346410207,-0.030038208889913744
1.7100000000000002,1.8684073464102067,-0.005733926389347121
1.7100000000000002,1.9684073464102072,0.01626304060495996
1.7100000000000002,2.068407346410207,-0.026819248608655935
1.7100000000000002,2.1684073464102074,-0.03151540780840638
1.7100000000000002,2.268407346410207,0.027278549231243978
1.7100000000000002,2.3684073464102067,-0.01571302160273564
1.7100000000000002,2.468407346410207,0.002736173136695153
1.7100000000000002,2.568407346410207,0.012043143685025692
1.7100000000000002,2.6684073464102074,0.004998863704962845
1.7100000000000002,2.768407346410207,0.023153228399689772
1.7100000000000002,2.8684073464102067,0.03550053372240944
1.7100000000000002,2.968407346410207,-0.03344389434728743
1.7100000000000002,3.068407346410207,-0.0011885127467773312
1.81,-3.1315926535897933,-0.004693714363597383
1.81,-3.0315926535897932,0.0543382612774317
1.81,-2.931592653589793,0.0051489906988006744
1.81,-2.8315926535897935,0.022536622567378047
1.81,-2.7315926535897934,0.013485935616525844
1.81,-2.6315926535897933,0.013368241688311562
1.81,-2.5315926535897932,-0.0005863718640653458
1.81,-2.431592653589793,-0.020117132102453614
1.81,-2.3315926535897935,0.04209155382391571
1.81,-2.2315926535897934,-0.024859858374712523
1.81,-2.1315926535897933,0.05114405942703757
1.81,-2.0315926535897932,0.0072055365025835115
1.81,-1.9315926535897932,-0.03519733683505057
1.81,-1.8315926535897933,-0.03826603987487474
1.81,-1.7315926535897932,-0.04643596182637779
1.81,-1.6315926535897933,-0.014772553997089582
1.81,-1.5315926535897932,0.008979187570379969
1.81,-1.4315926535897932,0.04177995594416664
1.81,-1.3315926535897933,0.0035088581888301426
1.81,-1.2315926535897932,-0.0009341446935847717
1.81,-1.1315926535897933,-0.015884219362853197
1.81,-1.0315926535897932,-0.005451179286727019
1.81,-0.9315926535897932,0.0021664608270167275
1.81,-0.8315926535897931,0.002627275379810358
1.81,-0.731592653589793,0.017229750893501233
1.81,-0.6315926535897933,0.0012469144981759224
1.81,-0.5315926535897932,-0.014032005457872535
1.81,-0.43159265358979315,0.01051479298216055
1.81,-0.33159265358979306,-0.009567159599986663
1.81,-0.23159265358979297,-0.031315681676151896
1.81,-0.13159265358979333,0.016116976900478537
1.81,-0.03159265358979324,-0.006108323749562263
1.81,0.06840734641020685,0.0018084354515739
1.81,0.16840734641020694,-0.005300568858534634
1.81,0.268407346410207,0.022221006997074574
1.81,0.36840734641020667,0.0012551046274428303
1.81,0.46840734641020676,-0.029496636204686223
1.81,0.5684073464102068,0.02056316268552761
1.81,0.6684073464102069,0.04326469221576767
1.81,0.768407346410207,-0.0143994561690805
1.81,0.8684073464102067,-0.007543380813717744
1.81,0.9684073464102072,0.0006904378290756739
1.81,1.0684073464102068,-0.018698207339342895
1.81,1.1684073464102065,0.007140277086440697
1.81,1.268407346410207,0.0035328331412962065
1.81,1.3684073464102067,0.005502791779289823
1.81,1.4684073464102072,-0.001747694759607666
1.81,1.5684073464102068,0.024457245074366616
1.81,1.6684073464102074,-0.004928950549612635
1.81,1.768407346410207,-0.015327243272607493
1.81,1.8684073464102067,0.010705646292939455
1.81,1.9684073464102072,0.07145423020968775
1.81,2.068407346410207,0.007346567524108087
1.81,2.1684073464102074,-0.021922914016404393
1.81,2.268407346410207,0.008195757549043045
1.81,2.3684073464102067,0.004044128480029229
1.81,2.468407346410207,-0.01508337001650391
1.81,2.568407346410207,-0.041079996781039504
1.81,2.6684073464102074,0.00044735250826530813
1.81,2.768407346410207,-0.028865203383910062
1.81,2.8684073464102067,0.028275968062201347
1.81,2.968407346410207,-0.025556338197894872
1.81,3.068407346410207,-0.007573061340308765
1.9100000000000001,-3.1315926535897933,-0.0009630389429779078
1.9100000000000001,-3.0315926535897932,0.018699650151760516
1.9100000000000001,-2.931592653589793,-0.012240903937743745
1.9100000000000001,-2.8315926535897935,0.023565881615265766
1.9100000000000001,-2.7315926535897934,0.007923687260460385
1.9100000000000001,-2.6315926535897933,-0.007653645328679451
1.9100000000000001,-2.5315926535897932,0.011702671157399747
1.9100000000000001,-2.431592653589793,0.023686470427325978
1.9100000000000001,-2.3315926535897935,0.025789824075142187
1.9100000000000001,-2.2315926535897934,0.021344505189210262
1.9100000000000001,-2.1315926535897933,-0.010038238950161106
1.9100000000000001,-2.0315926535897932,-0.01414743629089675
1.9100000000000001,-1.9315926535897932,0.032993889946193296
1.9100000000000001,-1.8315926535897933,0.03675460705933678
1.9100000000000001,-1.7315926535897932,-0.06503696022425097
1.9100000000000001,-1.6315926535897933,-0.03838616118145335
1.9100000000000001,-1.5315926535897932,-0.006602414801625731
1.9100000000000001,-1.4315926535897932,-0.003496973733683996
1.9100000000000001,-1.3315926535897933,0.005952387687131935
1.9100000000000001,-1.2315926535897932,0.018839443705589282
1.9100000000000001,-1.1315926535897933,-0.011534482185136046
1.9100000000000001,-1.0315926535897932,-0.009995166388527195
1.9100000000000001,-0.9315926535897932,0.01951065620127981
1.9100000000000001,-0.8315926535897931,0.021642444224256582
1.9100000000000001,-0.731592653589793,0.014499526170175286
1.9100000000000001,-0.6315926535897933,-0.005625273848240536
1.9100000000000001,-0.5315926535897932,0.018959015642516508
1.9100000000000001,-0.43159265358979315,0.01054606005505554
1.9100000000000001,-0.33159265358979306,-0.0018441613898201915
1.9100000000000001,-0.23159265358979297,-0.0008714892106173938
1.9100000000000001,-0.13159265358979333,-0.02258872251835081
1.9100000000000001,-0.03159265358979324,0.018210581264994908
1.9100000000000001,0.06840734641020685,0.019542685228950717
1.9100000000000001,0.16840734641020694,0.014537932216299584
1.9100000000000001,0.268407346410207,0.004320703479450428
1.9100000000000001,0.36840734641020667,-0.014839487290433401
1.9100000000000001,0.46840734641020676,0.01696915537411556
1.9100000000000001,0.5684073464102068,-0.003051697906267685
1.9100000000000001,0.6684073464102069,0.015946054754559215
1.9100000000000001,0.768407346410207,0.031185897180377384
1.9100000000000001,0.8684073464102067,0.03553301157040278
1.9100000000000001,0.9684073464102072,-0.01269801556812275
1.9100000000000001,1.0684073464102068,0.013923872917379346
1.9100000000000001,1.1684073464102065,-0.0018845446028688496
1.9100000000000001,1.268407346410207,0.01003953427150704
1.9100000000000001,1.3684073464102067,-0.005921790515913905
1.9100000000000001,1.4684073464102072,0.011740625738445507
1.9100000000000001,1.5684073464102068,-0.013152897502561137
1.9100000000000001,1.6684073464102074,0.008880703001775223
1.9100000000000001,1.768407346410207,-0.017101566574855634
1.9100000000000001,1.8684073464102067,-0.025222835809757944
1.9100000000000001,1.9684073464102072,0.033235964493656824
1.9100000000000001,2.068407346410207,0.05027506440400557
1.9100000000000001,2.1684073464102074,0.06119866663308332
1.9100000000000001,2.268407346410207,0.003199113855131834
1.9100000000000001,2.3684073464102067,-0.002047312177310816
1.9100000000000001,2.468407346410207,0.003520652633682312
1.9100000000000001,2.568407346410207,-0.026421150883014968
1.9100000000000001,2.6684073464102074,-0.05872169101137564
1.9100000000000001,2.768407346410207,0.006258546467299205
1.9100000000000001,2.8684073464102067,-0.030507223454120942
1.9100000000000001,2.968407346410207,0.007641689454949599
1.9100000000000001,3.068407346410207,-0.03603142193880298
2.01,-3.1315926535897933,-0.00588182244316249
2.01,-3.0315926535897932,0.013270387477208944
2.01,-2.931592653589793,-0.0024728128476254035
2.01,-2.8315926535897935,-0.0015623634598597054
2.01,-2.7315926535897934,0.00842370872316732
2.01,-2.6315926535897933,-0.02747136245690803
2.01,-2.5315926535897932,0.045526989458589164
2.01,-2.431592653589793,-0.013612105335653405
2.01,-2.3315926535897935,-0.017248729043052136
2.01,-2.2315926535897934,-0.035452309842746575
2.01,-2.1315926535897933,-0.020814184449328088
2.01,-2.0315926535897932,0.03351826490925062
2.01,-1.9315926535897932,-0.016794888031284063
2.01,-1.8315926535897933,0.01188600963160203
2.01,-1.7315926535897932,-0.0026776161533358205
2.01,-1.6315926535897933,-0.0033409824816375364
2.01,-1.5315926535897932,-0.0046982839634946115
2.01,-1.4315926535897932,0.0193877970252731
2.01,-1.3315926535897933,-0.02363923360113064
2.01,-1.2315926535897932,-0.016467383995545187
2.01,-1.1315926535897933,-0.006222353535548827
2.01,-1.0315926535897932,-0.036685245302470554
2.01,-0.9315926535897932,-0.014457907613873595
2.01,-0.8315926535897931,0.03812108116899807
2.01,-0.731592653589793,0.03102675996167899
2.01,-0.6315926535897933,0.0010273515535932885
2.01,-0.5315926535897932,0.004281910031555276
2.01,-0.43159265358979315,0.003002514667519232
2.01,-0.33159265358979306,0.012787360198228955
2.01,-0.23159265358979297,0.015618745989757963
2.01,-0.13159265358979333,-0.018201881959501693
2.01,-0.03159265358979324,-0.0006797000628030927
2.01,0.06840734641020685,-0.00890979751919045
2.01,0.16840734641020694,-0.0022068139147580455
2.01,0.268407346410207,-0.011187329061871525
2.01,0.36840734641020667,-0.01379415057342597
2.01,0.46840734641020676,0.009102962362831306
2.01,0.5684073464102068,-0.012919420255885654
2.01,0.6684073464102069,-0.03807566590465305
2.01,0.768407346410207,-0.0009186087228212365
2.01,0.8684073464102067,-0.040946682072125776
2.01,0.9684073464102072,-0.06137557669652656
2.01,1.0684073464102068,0.014082431870164211
2.01,1.1684073464102065,-0.026746900619773136
2.01,1.268407346410207,-0.030299340572666818
2.01,1.3684073464102067,0.02588162213961513
2.01,1.4684073464102072,0.037336972088726036
2.01,1.5684073464102068,0.008823937583746907
2.01,1.6684073464102074,0.010273759018960351
2.01,1.768407346410207,-0.03974656303620481
2.01,1.8684073464102067,0.007103092935079738
2.01,1.9684073464102072,-0.05070816379846367
2.01,2.068407346410207,0.002649559786924662
2.01,2.1684073464102074,0.0050770812592428015
2.01,2.268407346410207,0.005274451005244847
2.01,2.3684073464102067,-0.003859563950336331
2.01,2.468407346410207,0.0265470159231513
2.01,2.568407346410207,-0.06336553097795522
2.01,2.6684073464102074,0.02246702799504478
2.01,2.768407346410207,0.02379792113239198
2.01,2.8684073464102067,0.017475464956199338
2.01,2.968407346410207,-0.016237205533765186
2.01,3.068407346410207,0.014675901831619424
2.11,-3.1315926535897933,-0.0029052099381483834
2.11,-3.0315926535897932,-0.019247284608713618
2.11,-2.931592653589793,-0.013908106931546272
2.11,-2.8315926535897935,0.006314817026022529
2.11,-2.7315926535897934,-0.0019100907750496804
2.11,-2.6315926535897933,0.017853118490577094
2.11,-2.5315926535897932,-0.0019526196443842734
2.11,-2.431592653589793,0.021351846084878858
2.11,-2.3315926535897935,-0.027243280633207904
2.11,-2.2315926535897934,0.03497954844681681
2.11,-2.1315926535897933,-0.02494365008581568
2.11,-2.0315926535897932,-0.009894009707570267
2.11,-1.9315926535897932,-0.04403069207648328
2.11,-1.8315926535897933,-0.006310739011686264
2.11,-1.7315926535897932,0.012700156636624434
2.11,-1.6315926535897933,0.018197613536452172
2.11,-1.5315926535897932,0.007072815297727214
2.11,-1.4315926535897932,-0.03872514507338447
2.11,-1.3315926535897933,0.021740423821633006
2.11,-1.2315926535897932,-0.026964431329010545
2.11,-1.1315926535897933,-0.024735829358175844
2.11,-1.0315926535897932,-0.0028590254685598965
2.11,-0.9315926535897932,0.010801668071198624
2.11,-0.8315926535897931,0.026330674717028848
2.11,-0.731592653589793,0.013646996827700049
2.11,-0.6315926535897933,-0.02589747090131538
2.11,-0.5315926535897932,-0.023471864402979742
2.11,-0.43159265358979315,-0.017233934023075364
2.11,-0.33159265358979306,-0.015343400117075572
2.11,-0.23159265358979297,-0.012591632338537056
2.11,-0.13159265358979333,-0.0015068092259045024
2.11,-0.03159265358979324,-0.02448719872497338
2.11,0.06840734641020685,0.002166281363657996
2.11,0.16840734641020694,-0.015859967051070373
2.11,0.268407346410207,-0.006753753307168229
2.11,0.36840734641020667,-0.011457726905805748
2.11,0.46840734641020676,-0.011709070006104154
2.11,0.5684073464102068,0.0025818667260094842
2.11,0.6684073464102069,-0.0102677165121146
2.11,0.768407346410207,-0.016808301743039503
2.11,0.8684073464102067,-0.010834222275196615
2.11,0.9684073464102072,0.0022118960894315365
2.11,1.0684073464102068,-0.0217772527078524
2.11,1.1684073464102065,0.001783827560377399
2.11,1.268407346410207,0.021494898040003513
2.11,1.3684073464102067,0.01683727265230259
2.11,1.4684073464102072,-0.01583913037686327
2.11,1.5684073464102068,0.054385965473011846
2.11,1.6684073464102074,0.01962141925419426
2.11,1.768407346410207,0.030492110107944906
2.11,1.8684073464102067,0.00823024522997281
2.11,1.9684073464102072,-0.00339784981932989
2.11,2.068407346410207,-0.03749271330640974
2.11,2.1684073464102074,-0.0005901098383013894
2.11,2.268407346410207,0.016878392606623972
2.11,2.3684073464102067,0.02725811231668069
2.11,2.468407346410207,0.01112754600981063
2.11,2.568407346410207,-0.006989042710307256
2.11,2.6684073464102074,0.0061547454130304186
2.11,2.768407346410207,0.03582593465991752
2.11,2.8684073464102067,-0.004217911544307014
2.11,2.968407346410207,0.0032964447613287222
2.11,3.068407346410207,0.006369177193426816
2.21,-3.1315926535897933,0.0008336490106391915
2.21,-3.0315926535897932,0.022440516098050152
2.21,-2.931592653589793,-0.0882940083380834
2.21,-2.8315926535897935,0.039975969924023386
2.21,-2.7315926535897934,0.028795266784642008
2.21,-2.6315926535897933,0.019641168610826692
2.21,-2.5315926535897932,0.009272151165911348
2.21,-2.431592653589793,0.01043525282354282
2.21,-2.3315926535897935,-0.018302960447643207
2.21,-2.2315926535897934,0.015345916853684837
2.21,-2.1315926535897933,-0.07443663597911912
2.21,-2.0315926535897932,-0.00407383486277227
2.21,-1.9315926535897932,0.04834412993032928
2.21,-1.8315926535897933,-0.03449652337093111
2.21,-1.7315926535897932,-0.026441457680131016
2.21,-1.6315926535897933,-0.03911647341638638
2.21,-1.5315926535897932,0.017029378519991353
2.21,-1.4315926535897932,0.007809535509866568
2.21,-1.3315926535897933,-0.010073786237281102
2.21,-1.2315926535897932,-0.05288513669962088
2.21,-1.1315926535897933,0.053152726208332335
2.21,-1.0315926535897932,-0.03951084663505251
2.21,-0.9315926535897932,0.001948818087258792
2.21,-0.8315926535897931,0.007180451380554884
2.21,-0.731592653589793,-0.0008802573579170473
2.21,-0.6315926535897933,0.007929789664886876
2.21,-0.5315926535897932,-0.007195657490821456
2.21,-0.43159265358979315,-0.005907265875483296
2.21,-0.33159265358979306,-0.013422429867080579
2.21,-0.23159265358979297,-0.0008620109463463206
2.21,-0.13159265358979333,-0.040677926291184205
2.21,-0.03159265358979324,-0.0022276024863661214
2.21,0.06840734641020685,-0.028793167569610482
2.21,0.16840734641020694,-0.015341639557876123
2.21,0.268407346410207,-0.0004113647075400127
2.21,0.36840734641020667,-0.058925983219135204
2.21,0.46840734641020676,0.006019628150753052
2.21,0.5684073464102068,0.023405329969475162
2.21,0.6684073464102069,-0.019788077034950065
2.21,0.768407346410207,0.0027628354726224025
2.21,0.8684073464102067,-0.029915984200456255
2.21,0.9684073464102072,0.02747158195412594
2.21,1.0684073464102068,0.003879434119273677
2.21,1.1684073464102065,-0.006271522875491965
2.21,1.268407346410207,0.06508509337363094
2.21,1.3684073464102067,0.013498724730271116
2.21,1.4684073464102072,-0.031454551177506604
2.21,1.5684073464102068,0.035511074769107344
2.21,1.6684073464102074,-0.009203671048015998
2.21,1.768407346410207,0.034511300900958025
2.21,1.8684073464102067,0.007494293457189192
2.21,1.9684073464102072,0.059050771565301766
2.21,2.068407346410207,0.014309531271209873
2.21,2.1684073464102074,0.001693583333860172
2.21,2.268407346410207,-0.022613977160497293
2.21,2.3684073464102067,-0.023954327053933463
2.21,2.468407346410207,-0.007138311244556137
2.21,2.568407346410207,-0.000013600068573275427
2.21,2.6684073464102074,0.021857766693058774
2.21,2.768407346410207,-0.025426100970841744
2.21,2.8684073464102067,0.005999016991673505
2.21,2.968407346410207,-0.04229200621538404
2.21,3.068407346410207,-0.02668820176925058
2.31,-3.1315926535897933,-0.008275343104411899
2.31,-3.0315926535897932,0.011036790751043442
2.31,-2.931592653589793,-0.009830937009117581
2.31,-2.8315926535897935,0.05166636959787925
2.31,-2.7315926535897934,0.02126851590148086
2.31,-2.6315926535897933,0.010526191713043212
2.31,-2.5315926535897932,-0.005665243214105675
2.31,-2.431592653589793,-0.0034154849411869165
2.31,-2.3315926535897935,0.02921142273792459
2.31,-2.2315926535897934,0.06599098359219623
2.31,-2.1315926535897933,-0.022963148077099576
2.31,-2.0315926535897932,0.0252482988513234
2.31,-1.9315926535897932,0.011677044511329707
2.31,-1.8315926535897933,0.026880122527510115
2.31,-1.7315926535897932,-0.015346868778414994
2.31,-1.6315926535897933,-0.012114501609128869
2.31,-1.5315926535897932,0.022416459539373983
2.31,-1.4315926535897932,-0.025634650294824333
2.31,-1.3315926535897933,0.001887533466935206
2.31,-1.2315926535897932,-0.001964133954362102
2.31,-1.1315926535897933,0.005739141333636814
2.31,-1.0315926535897932,-0.03286730832479223
2.31,-0.9315926535897932,0.02010257900843249
2.31,-0.8315926535897931,-0.021523908426541047
2.31,-0.731592653589793,0.013161196511140796
2.31,-0.6315926535897933,-0.006075072402644612
2.31,-0.5315926535897932,0.02376922433615614
2.31,-0.43159265358979315,0.014653113512661534
2.31,-0.33159265358979306,-0.0038693260379096773
2.31,-0.23159265358979297,0.01237602181945183
2.31,-0.13159265358979333,0.01272239813616032
2.31,-0.03159265358979324,0.03794403885018226
2.31,0.06840734641020685,0.01032026988643217
2.31,0.16840734641020694,-0.024805976552764786
2.31,0.268407346410207,-0.0410223344250671
2.31,0.36840734641020667,-0.013633721585356983
2.31,0.46840734641020676,0.012821558148897252
2.31,0.5684073464102068,0.005056374761661155
2.31,0.6684073464102069,0.0472904557323019
2.31,0.768407346410207,0.0034088670096240814
2.31,0.8684073464102067,-0.025282722639094875
2.31,0.9684073464102072,0.05915494111006525
2.31,1.0684073464102068,-0.03118467933122369
2.31,1.1684073464102065,-0.04121005283471124
2.31,1.268407346410207,-0.002654194355248182
2.31,1.3684073464102067,-0.020360843609692196
2.31,1.4684073464102072,0.014051685870690929
2.31,1.5684073464102068,0.02741231625133083
2.31,1.6684073464102074,-0.028185403630956916
2.31,1.768407346410207,-0.018502955833767137
2.31,1.8684073464102067,-0.014685341788167997
2.31,1.9684073464102072,0.046776239362278635
2.31,2.068407346410207,0.025418125989552624
2.31,2.1684073464102074,0.021260600656276423
2.31,2.268407346410207,0.0034493921537850775
2.31,2.3684073464102067,-0.043748514576875494
2.31,2.468407346410207,0.026762554047319646
2.31,2.568407346410207,0.012502307177601212
2.31,2.6684073464102074,-0.04607309640917997
2.31,2.768407346410207,-0.04185772954502891
2.31,2.8684073464102067,0.012074878015462342
2.31,2.968407346410207,0.0056434701633503994
2.31,3.068407346410207,0.02748347142926185
2.41,-3.1315926535897933,-0.013214562633799288
2.41,-3.0315926535897932,0.005564365922678088
2.41,-2.931592653589793,0.0017436892159035447
2.41,-2.8315926535897935,-0.03726732608414667
2.41,-2.7315926535897934,0.020547800514394362
2.41,-2.6315926535897933,-0.0013483206490237393
2.41,-2.5315926535897932,-0.006953613861903821
2.41,-2.431592653589793,-0.03283147699684903
2.41,-2.3315926535897935,0.019389098618770924
2.41,-2.2315926535897934,-0.01757351570229432
2.41,-2.1315926535897933,0.026211123768762057
2.41,-2.0315926535897932,-0.03487572567649664
2.41,-1.9315926535897932,-0.013954606669962928
2.41,-1.8315926535897933,0.02195350729232365
2.41,-1.7315926535897932,0.0041049913958051566
2.41,-1.6315926535897933,0.014820131876339923
2.41,-1.5315926535897932,0.00364616509042588
2.41,-1.4315926535897932,-0.007021519178535239
2.41,-1.3315926535897933,0.005918012400942941
2.41,-1.2315926535897932,0.031879950827191736
2.41,-1.1315926535897933,-0.01017009965642544
2.41,-1.0315926535897932,-0.006470341634500909
2.41,-0.9315926535897932,0.018760502190004868
2.41,-0.8315926535897931,-0.035601189631901314
2.41,-0.731592653589793,-0.009126570015809316
2.41,-0.6315926535897933,0.01504567082871598
2.41,-0.5315926535897932,-0.009305524649190797
2.41,-0.43159265358979315,-0.023714371640682092
2.41,-0.33159265358979306,-0.002469544128508775
2.41,-0.23159265358979297,0.03836537344551119
2.41,-0.13159265358979333,0.0008062733876847313
2.41,-0.03159265358979324,0.005644412142874732
2.41,0.06840734641020685,0.01727299434778178
2.41,0.16840734641020694,-0.016420194646055347
2.41,0.268407346410207,-0.011234256129246162
2.41,0.36840734641020667,0.009799266767811454
2.41,0.46840734641020676,0.014636917242249477
2.41,0.5684073464102068,0.013960671038104305
2.41,0.6684073464102069,0.04526381680969172
2.41,0.768407346410207,-0.0017991701463885546
2.41,0.8684073464102067,0.03573871877519495
2.41,0.9684073464102072,-0.0030670554856086236
2.41,1.0684073464102068,0.006455153197967769
2.41,1.1684073464102065,0.04555324128535194
2.41,1.268407346410207,0.013079847535608069
2.41,1.3684073464102067,-0.011418122957635831
2.41,1.4684073464102072,-0.007543294043533742
2.41,1.5684073464102068,-0.030342482655690575
2.41,1.6684073464102074,0.009778308404005034
2.41,1.768407346410207,-0.005258012297226656
2.41,1.8684073464102067,0.04391497709495247
2.41,1.9684073464102072,0.012084222785514324
2.41,2.068407346410207,0.02617563101957465
2.41,2.1684073464102074,-0.006099962046224266
2.41,2.268407346410207,-0.017502583234631053
2.41,2.3684073464102067,0.01786623642735763
2.41,2.468407346410207,-0.01572447740648465
2.41,2.568407346410207,0.02193778885683085
2.41,2.6684073464102074,-0.028192667530999537
2.41,2.768407346410207,-0.005290932326821429
2.41,2.8684073464102067,-0.015007607964045464
2.41,2.968407346410207,0.017544563809793263
2.41,3.068407346410207,-0.006506287537008601
2.5100000000000002,-3.1315926535897933,-0.012360009196121353
2.5100000000000002,-3.0315926535897932,0.02608858992423728
2.5100000000000002,-2.931592653589793,-0.0015450355107531238
2.5100000000000002,-2.8315926535897935,0.012962359225009561
2.5100000000000002,-2.7315926535897934,-0.026265858838148557
2.5100000000000002,-2.6315926535897933,-0.007638992496602694
2.5100000000000002,-2.5315926535897932,0.06894069511698671
2.5100000000000002,-2.431592653589793,0.00395186964816999
2.5100000000000002,-2.3315926535897935,0.002476317367349063
2.5100000000000002,-2.2315926535897934,-0.024155392576798093
2.5100000000000002,-2.1315926535897933,0.019258706196675544
2.5100000000000002,-2.0315926535897932,-0.006385604620563291
2.5100000000000002,-1.9315926535897932,-0.0011307820703843601
2.5100000000000002,-1.8315926535897933,0.017943164908826824
2.5100000000000002,-1.7315926535897932,0.015306808737768279
2.5100000000000002,-1.6315926535897933,0.018857680957174244
2.5100000000000002,-1.5315926535897932,-0.00405664809722546
2.5100000000000002,-1.4315926535897932,-0.017263042259951053
2.5100000000000002,-1.3315926535897933,-0.0037320272005771926
2.5100000000000002,-1.2315926535897932,0.01838804775061942
2.5100000000000002,-1.1315926535897933,-0.006767153261799491
2.5100000000000002,-1.0315926535897932,0.017825364398058544
2.5100000000000002,-0.9315926535897932,0.062147348105738756
2.5100000000000002,-0.8315926535897931,0.00499822461525448
2.5100000000000002,-0.731592653589793,0.04568822308376814
2.5100000000000002,-0.6315926535897933,0.04679141113869655
2.5100000000000002,-0.5315926535897932,-0.009861026886552658
2.5100000000000002,-0.43159265358979315,0.012452479681212335
2.5100000000000002,-0.33159265358979306,0.018254723385372745
2.5100000000000002,-0.23159265358979297,0.01753922714362945
2.5100000000000002,-0.13159265358979333,-0.0016859900999223092
2.5100000000000002,-0.03159265358979324,-0.000693319348042887
2.5100000000000002,0.06840734641020685,-0.006279458715162624
2.5100000000000002,0.16840734641020694,-0.0353432187212562
2.5100000000000002,0.268407346410207,0.017928558995305047
2.5100000000000002,0.36840734641020667,0.03738443414858103
2.5100000000000002,0.46840734641020676,0.025052843687532616
2.5100000000000002,0.5684073464102068,0.007197000398436055
2.5100000000000002,0.6684073464102069,-0.006952186031418428
2.5100000000000002,0.768407346410207,0.0030110818991140945
2.5100000000000002,0.8684073464102067,0.0033693014965871064
2.5100000000000002,0.9684073464102072,-0.02801470245304908
2.5100000000000002,1.0684073464102068,-0.0329866302954368
2.5100000000000002,1.1684073464102065,-0.019162304537280888
2.5100000000000002,1.268407346410207,0.05259193253478694
2.5100000000000002,1.3684073464102067,0.01657654218282309
2.5100000000000002,1.4684073464102072,0.011335801553961217
2.5100000000000002,1.5684073464102068,-0.025066964628719816
2.5100000000000002,1.6684073464102074,-0.04130650018233827
2.5100000000000002,1.768407346410207,0.005327219681118859
2.5100000000000002,1.8684073464102067,-0.008198553045283375
2.5100000000000002,1.9684073464102072,0.007923105589363226
2.5100000000000002,2.068407346410207,0.043613223020345225
2.5100000000000002,2.1684073464102074,0.038989989866062814
2.5100000000000002,2.268407346410207,-0.010207916239504095
2.5100000000000002,2.3684073464102067,0.027290404181354217
2.5100000000000002,2.468407346410207,0.04210854270724694
2.5100000000000002,2.568407346410207,-0.017573619974949016
2.5100000000000002,2.6684073464102074,-0.0004716715072010059
2.5100000000000002,2.768407346410207,0.03317132863495621
2.5100000000000002,2.8684073464102067,0.003401429656148881
2.5100000000000002,2.968407346410207,-0.00015084608000006956
2.5100000000000002,3.068407346410207,-0.0150792205538566
2.61,-3.1315926535897933,-0.014064617288919888
2.61,-3.0315926535897932,0.001707375380247446
2.61,-2.931592653589793,-0.03093884307646371
2.61,-2.8315926535897935,0.033346979262820195
2.61,-2.7315926535897934,-0.010843926626206687
2.61,-2.6315926535897933,-0.015932168833044793
2.61,-2.5315926535897932,0.018661651523814847
2.61,-2.431592653589793,0.011409324373109259
2.61,-2.3315926535897935,-0.0624968646663447
2.61,-2.2315926535897934,0.03411832212025027
2.61,-2.1315926535897933,0.0031609308389410756
2.61,-2.0315926535897932,0.014969057937330043
2.61,-1.9315926535897932,-0.008676885920870347
2.61,-1.8315926535897933,0.05651228834529935
2.61,-1.7315926535897932,0.028279293012045195
2.61,-1.6315926535897933,0.01924099905781268
2.61,-1.5315926535897932,0.02680084401923231
2.61,-1.4315926535897932,0.016998123093138126
2.61,-1.3315926535897933,-0.027221774942483533
2.61,-1.2315926535897932,-0.0340614775233227
2.61,-1.1315926535897933,0.058763908391905706
2.61,-1.0315926535897932,0.009929470257635117
2.61,-0.9315926535897932,-0.025432793749991106
2.61,-0.8315926535897931,-0.0353559499714404
2.61,-0.731592653589793,0.008026867483912696
2.61,-0.6315926535897933,0.040308739076175056
2.61,-0.5315926535897932,-0.059066284618133486
2.61,-0.43159265358979315,0.005429076300140209
2.61,-0.33159265358979306,0.013581800305915525
2.61,-0.23159265358979297,-0.017915202266305306
2.61,-0.13159265358979333,0.014742691315574716
2.61,-0.03159265358979324,-0.023833424575183677
2.61,0.06840734641020685,0.0022002642538522
2.61,0.16840734641020694,-0.02868425562948188
2.61,0.268407346410207,0.037245975350629366
2.61,0.36840734641020667,0.00009011604220272688
2.61,0.46840734641020676,0.018875848680551893
2.61,0.5684073464102068,0.01793365657756276
2.61,0.6684073464102069,-0.03345774678581581
2.61,0.768407346410207,0.01003452427739834
2.61,0.8684073464102067,0.025933334138594034
2.61,0.9684073464102072,-0.002127000214851904
2.61,1.0684073464102068,-0.03237801296191571
2.61,1.1684073464102065,-0.010105458670727
2.61,1.268407346410207,0.005274689766627122
2.61,1.3684073464102067,0.04157455402128493
2.61,1.4684073464102072,-0.009591620483632116
2.61,1.5684073464102068,0.0015492833761378833
2.61,1.6684073464102074,0.02480147547204264
2.61,1.768407346410207,-0.049986783132130466
2.61,1.8684073464102067,-0.013971841669407592
2.61,1.9684073464102072,-0.02978815488319409
2.61,2.068407346410207,0.039084308900614505
2.61,2.1684073464102074,0.036816045919628254
2.61,2.268407346410207,0.0030845013290893893
2.61,2.3684073464102067,-0.02067225534731414
2.61,2.468407346410207,-0.034286037407421775
2.61,2.568407346410207,-0.00890124936174638
2.61,2.6684073464102074,-0.03301690402099158
2.61,2.768407346410207,-0.0057560661909843245
2.61,2.8684073464102067,-0.001366468023119358
2.61,2.968407346410207,-0.009670571080879245
2.61,3.068407346410207,-0.014306135688684316
2.71,-3.1315926535897933,0.04199166710962695
2.71,-3.0315926535897932,0.01348714524685238
2.71,-2.931592653589793,-0.006975302303226478
2.71,-2.8315926535897935,0.00470504646141908
2.71,-2.7315926535897934,-0.0050132771751666555
2.71,-2.6315926535897933,0.03718003765965834
2.71,-2.5315926535897932,-0.0009627675445135586
2.71,-2.431592653589793,0.012743655665537711
2.71,-2.3315926535897935,-0.005690590128838689
2.71,-2.2315926535897934,-0.042476939918775034
2.71,-2.1315926535897933,0.003208101588562713
2.71,-2.0315926535897932,-0.040158940503943974
2.71,-1.9315926535897932,-0.030733835174991203
2.71,-1.8315926535897933,0.023916513369811484
2.71,-1.7315926535897932,-0.01512812723193824
2.71,-1.6315926535897933,0.06829101891895892
2.71,-1.5315926535897932,0.03609209718190319
2.71,-1.4315926535897932,0.0019528369229702015
2.71,-1.3315926535897933,0.026820189997208966
2.71,-1.2315926535897932,0.04373649362562819
2.71,-1.1315926535897933,-0.023744392782494277
2.71,-1.0315926535897932,0.04174698080819253
2.71,-0.9315926535897932,-0.03687213364713746
2.71,-0.8315926535897931,0.040831300446830664
2.71,-0.731592653589793,0.028818764323600494
2.71,-0.6315926535897933,0.01495230846038773
2.71,-0.5315926535897932,0.013289322859234074
2.71,-0.43159265358979315,-0.02952875242616162
2.71,-0.33159265358979306,-0.02582658484159089
2.71,-0.23159265358979297,0.04787858721636733
2.71,-0.13159265358979333,0.005535537948715309
2.71,-0.03159265358979324,-0.031664474205446116
2.71,0.06840734641020685,0.006383610027155694
2.71,0.16840734641020694,0.018255092242663307
2.71,0.268407346410207,-0.022919565847217452
2.71,0.36840734641020667,-0.008239429517294576
2.71,0.46840734641020676,-0.025394950729202517
2.71,0.5684073464102068,0.017734057754735636
2.71,0.6684073464102069,-0.015093991073607472
2.71,0.768407346410207,0.019906589246434202
2.71,0.8684073464102067,-0.04515602430712907
2.71,0.9684073464102072,0.011224543626710264
2.71,1.0684073464102068,0.014001278323775193
2.71,1.1684073464102065,0.02334682524492651
2.71,1.268407346410207,-0.004591134780414291
2.71,1.3684073464102067,-0.026287479229155294
2.71,1.4684073464102072,-0.005330241535506951
2.71,1.5684073464102068,0.019909294753885233
2.71,1.6684073464102074,0.005591971052176591
2.71,1.768407346410207,0.010740762653818178
2.71,1.8684073464102067,0.008665283799964965
2.71,1.9684073464102072,0.013679197486961359
2.71,2.068407346410207,-0.014218723023293424
2.71,2.1684073464102074,-0.011722403866228769
2.71,2.268407346410207,0.020573527190110744
2.71,2.3684073464102067,-0.023283190169759747
2.71,2.468407346410207,-0.007273129805025522
2.71,2.568407346410207,0.007289445384443583
2.71,2.6684073464102074,-0.02147034918587469
2.71,2.768407346410207,0.0011301184875270112
2.71,2.8684073464102067,-0.00842876471310444
2.71,2.968407346410207,0.0314486494396448
2.71,3.068407346410207,-0.02230161393518821
2.81,-3.1315926535897933,0.007556377784639011
2.81,-3.0315926535897932,-0.053006333225267085
2.81,-2.931592653589793,-0.045183249659718414
2.81,-2.8315926535897935,-0.017940564803585822
2.81,-2.7315926535897934,0.008421407459885047
2.81,-2.6315926535897933,-0.03927742651701914
2.81,-2.5315926535897932,-0.023806509679512554
2.81,-2.431592653589793,-0.04430721363828762
2.81,-2.3315926535897935,0.018138904374179338
2.81,-2.2315926535897934,0.010314823979349942
2.81,-2.1315926535897933,0.04860022602411841
2.81,-2.0315926535897932,0.04543419542147575
2.81,-1.9315926535897932,-0.01131661801121706
2.81,-1.8315926535897933,-0.04261771904880801
2.81,-1.7315926535897932,0.03422330318370234
2.81,-1.6315926535897933,0.008895462615692972
2.81,-1.5315926535897932,0.013748330817069061
2.81,-1.4315926535897932,-0.01065725028030623
2.81,-1.3315926535897933,0.002293315497109245
2.81,-1.2315926535897932,0.01808333830213117
2.81,-1.1315926535897933,-0.02290667309664743
2.81,-1.0315926535897932,-0.02448065168393831
2.81,-0.9315926535897932,0.0006966023334500971
2.81,-0.8315926535897931,0.005505526043900511
2.81,-0.731592653589793,0.004670739522515228
2.81,-0.6315926535897933,0.05320836411037012
2.81,-0.5315926535897932,0.005881033433484147
2.81,-0.43159265358979315,0.03629066955187622
2.81,-0.33159265358979306,-0.00558269037604525
2.81,-0.23159265358979297,0.022360029229616295
2.81,-0.13159265358979333,-0.026311032635355266
2.81,-0.03159265358979324,0.05522517063103369
2.81,0.06840734641020685,-0.04010518814263461
2.81,0.16840734641020694,0.0455204981580734
2.81,0.268407346410207,-0.003991945779142653
2.81,0.36840734641020667,0.009368995151498546
2.81,0.46840734641020676,-0.00853759178028477
2.81,0.5684073464102068,-0.006023161354711736
2.81,0.6684073464102069,0.011041249116050172
2.81,0.768407346410207,0.00566452009351765
2.81,0.8684073464102067,0.005272929759141787
2.81,0.9684073464102072,-0.008611890607909239
2.81,1.0684073464102068,0.02904196069182539
2.81,1.1684073464102065,-0.04086118807892314
2.81,1.268407346410207,0.009836104947628333
2.81,1.3684073464102067,-0.00236139215905458
2.81,1.4684073464102072,-0.0233481789051626
2.81,1.5684073464102068,0.0004456011473588778
2.81,1.6684073464102074,0.05736845198803758
2.81,1.768407346410207,0.0172670496302324
2.81,1.8684073464102067,0.004885438639581782
2.81,1.9684073464102072,-0.015905096293220403
2.81,2.068407346410207,-0.0027128120187061185
2.81,2.1684073464102074,-0.0013423152446692312
2.81,2.268407346410207,0.045626798894289104
2.81,2.3684073464102067,-0.004060438880040807
2.81,2.468407346410207,0.04855313240568782
2.81,2.568407346410207,0.012630624630680851
2.81,2.6684073464102074,-0.007042615098716218
2.81,2.768407346410207,0.04499798528484267
2.81,2.8684073464102067,0.02164509504412765
2.81,2.968407346410207,0.027863070540819122
2.81,3.068407346410207,-0.021103844547653447
2.91,-3.1315926535897933,-0.005923982714384029
2.91,-3.0315926535897932,0.007179496206780227
2.91,-2.931592653589793,0.03049214016737163
2.91,-2.8315926535897935,-0.04667514033716787
2.91,-2.7315926535897934,0.023637082743243693
2.91,-2.6315926535897933,0.03233068672607872
2.91,-2.5315926535897932,-0.035197756087234314
2.91,-2.431592653589793,0.0007247019977665251
2.91,-2.3315926535897935,-0.0022841135662640573
2.91,-2.2315926535897934,-0.016848986696467335
2.91,-2.1315926535897933,0.021093332061949056
2.91,-2.0315926535897932,-0.012142586437266583
2.91,-1.9315926535897932,0.05133145554146907
2.91,-1.8315926535897933,0.009201865865033073
2.91,-1.7315926535897932,-0.028967440419131022
2.91,-1.6315926535897933,0.00003817893451154436
2.91,-1.5315926535897932,0.016069333354383538
2.91,-1.4315926535897932,-0.008378384868241507
2.91,-1.3315926535897933,-0.022341460503737105
2.91,-1.2315926535897932,-0.024898895524646088
2.91,-1.1315926535897933,-0.029604971089626494
2.91,-1.0315926535897932,-0.013691122960512041
2.91,-0.9315926535897932,0.004316569263729808
2.91,-0.8315926535897931,0.032189737774955464
2.91,-0.731592653589793,0.008862850663471696
2.91,-0.6315926535897933,0.029861395650881722
2.91,-0.5315926535897932,0.022873082052812233
2.91,-0.43159265358979315,0.06165667550048466
2.91,-0.33159265358979306,0.04298748071648201
2.91,-0.23159265358979297,0.02363366187172588
2.91,-0.13159265358979333,-0.007208901608128559
2.91,-0.03159265358979324,-0.010745133110827879
2.91,0.06840734641020685,0.028227071703895015
2.91,0.16840734641020694,-0.009344160209029756
2.91,0.268407346410207,0.03499161943170578
2.91,0.36840734641020667,-0.007893521179629022
2.91,0.46840734641020676,-0.0010236718996008674
2.91,0.5684073464102068,-0.007323185233561039
2.91,0.6684073464102069,0.02782952978372799
2.91,0.768407346410207,0.0000936075462309614
2.91,0.8684073464102067,-0.027726407596706533
2.91,0.9684073464102072,0.02684536393747547
2.91,1.0684073464102068,0.028068293601887107
2.91,1.1684073464102065,-0.0367831240313469
2.91,1.268407346410207,-0.02154520819961674
2.91,1.3684073464102067,-0.03877787423635929
2.91,1.4684073464102072,0.03053648872324677
2.91,1.5684073464102068,0.01747880433186316
2.91,1.6684073464102074,0.04406822620667063
2.91,1.768407346410207,0.015225137098361582
2.91,1.8684073464102067,-0.019726166205691675
2.91,1.9684073464102072,0.0009453003876892189
2.91,2.068407346410207,0.00014349985207303198
2.91,2.1684073464102074,-0.008305545916473462
2.91,2.268407346410207,0.011044508866209063
2.91,2.3684073464102067,0.0037748948617878104
2.91,2.468407346410207,-0.028809739215067406
2.91,2.568407346410207,0.0011319702868875202
2.91,2.6684073464102074,-0.017893549290827402
2.91,2.768407346410207,0.037140214882083154
2.91,2.8684073464102067,0.0018802194559668708
2.91,2.968407346410207,0.017646345621463968
2.91,3.068407346410207,0.003698977482448039
3.01,-3.1315926535897933,0.033588079266833916
3.01,-3.0315926535897932,-0.014579449459057706
3.01,-2.931592653589793,0.0017704137401725003
3.01,-2.8315926535897935,-0.020557856938997747
3.01,-2.7315926535897934,0.02311030847941294
3.01,-2.6315926535897933,0.00912654161101183
3.01,-2.5315926535897932,0.023757013727295665
3.01,-2.431592653589793,0.027934378443062305
3.01,-2.3315926535897935,0.010501177271657357
3.01,-2.2315926535897934,-0.003803030855158521
3.01,-2.1315926535897933,0.009539219363698727
3.01,-2.0315926535897932,-0.01513789949046435
3.01,-1.9315926535897932,0.024258673623050835
3.01,-1.8315926535897933,-0.016645904006720044
3.01,-1.7315926535897932,0.008902151238055173
3.01,-1.6315926535897933,-0.0385085861893993
3.01,-1.5315926535897932,0.001681233907943924
3.01,-1.4315926535897932,-0.03892011221451093
3.01,-1.3315926535897933,0.018334954089035536
3.01,-1.2315926535897932,-0.02490774610171405
3.01,-1.1315926535897933,0.01573943945335588
3.01,-1.0315926535897932,0.0014933221662535821
3.01,-0.9315926535897932,0.055750387440589466
3.01,-0.8315926535897931,0.017581858981248942
3.01,-0.731592653589793,0.010742127543454862
3.01,-0.6315926535897933,0.024209866979411115
3.01,-0.5315926535897932,0.004239114789928264
3.01,-0.43159265358979315,0.006631982969731702
3.01,-0.33159265358979306,0.02470132949934203
3.01,-0.23159265358979297,-0.011908280134329586
3.01,-0.13159265358979333,0.007075535080584474
3.01,-0.03159265358979324,-0.018162886506154833
3.01,0.06840734641020685,0.030310701790676593
3.01,0.16840734641020694,-0.0037768148293267794
3.01,0.268407346410207,0.006639917189926979
3.01,0.36840734641020667,-0.0022420741739052545
3.01,0.46840734641020676,0.014135053659770202
3.01,0.5684073464102068,-0.020108070593289597
3.01,0.6684073464102069,0.024574983847613217
3.01,0.768407346410207,0.03110285605434166
3.01,0.8684073464102067,-0.03222281355897158
3.01,0.9684073464102072,0.00427839568574552
3.01,1.0684073464102068,0.017923575643359523
3.01,1.1684073464102065,-0.03264363299044191
3.01,1.268407346410207,0.006335114322774302
3.01,1.3684073464102067,-0.012955915792747671
3.01,1.4684073464102072,-0.01940598335802051
3.01,1.5684073464102068,-0.0318230474904226
3.01,1.6684073464102074,0.028506250785316045
3.01,1.768407346410207,-0.0144757463368935
3.01,1.8684073464102067,-0.01295940053646695
3.01,1.9684073464102072,0.029140823189794773
3.01,2.068407346410207,-0.02799876653382724
3.01,2.1684073464102074,-0.00937063129379188
3.01,2.268407346410207,0.03235094845749174
3.01,2.3684073464102067,-0.04664046898090997
3.01,2.468407346410207,0.041433104195432224
3.01,2.568407346410207,-0.02147845233398251
3.01,2.6684073464102074,0.011733015088284495
3.01,2.768407346410207,-0.00876647194113069
3.01,2.8684073464102067,0.03673170416299136
3.01,2.968407346410207,0.0012852877403182897
3.01,3.068407346410207,-0.003465423200512529
3.11,-3.1315926535897933,0.0093932603345229
3.11,-3.0315926535897932,-0.0022429656493130785
3.11,-2.931592653589793,-0.02474373575194508
3.11,-2.8315926535897935,-0.021973825889580533
3.11,-2.7315926535897934,0.019204459617268365
3.11,-2.6315926535897933,-0.020633631726892185
3.11,-2.5315926535897932,-0.006486463328333336
3.11,-2.431592653589793,-0.032610859210178464
3.11,-2.3315926535897935,0.038270858786206396
3.11,-2.2315926535897934,0.004434289521766499
3.11,-2.1315926535897933,0.006409679952411659
3.11,-2.0315926535897932,-0.026499382307439888
3.11,-1.9315926535897932,0.03097434756448355
3.11,-1.8315926535897933,0.025830078371277577
3.11,-1.7315926535897932,0.0329394731149249
3.11,-1.6315926535897933,0.043017105633257155
3.11,-1.5315926535897932,0.0317836318252187
3.11,-1.4315926535897932,0.0037750864945325776
3.11,-1.3315926535897933,0.01792854959166696
3.11,-1.2315926535897932,-0.03955696022060155
3.11,-1.1315926535897933,-0.01658575499280264
3.11,-1.0315926535897932,0.04135584342580016
3.11,-0.9315926535897932,0.0154307089661128
3.11,-0.8315926535897931,0.0299112736430989
3.11,-0.731592653589793,0.04402828084684459
3.11,-0.6315926535897933,0.009712197888301834
3.11,-0.5315926535897932,-0.038435356475797225
3.11,-0.43159265358979315,0.0038217256806249767
3.11,-0.33159265358979306,-0.0015677346828677618
3.11,-0.23159265358979297,-0.017917010260721934
3.11,-0.13159265358979333,0.04061433557070765
3.11,-0.03159265358979324,-0.006942768987176369
3.11,0.06840734641020685,0.020324223604726046
3.11,0.16840734641020694,0.01966973723592022
3.11,0.268407346410207,-0.02413351663795941
3.11,0.36840734641020667,0.02437926145545593
3.11,0.46840734641020676,0.004117658859782224
3.11,0.5684073464102068,-0.016749939457748924
3.11,0.6684073464102069,0.007376558020580122
3.11,0.768407346410207,-0.015923733350968746
3.11,0.8684073464102067,0.027423671360731414
3.11,0.9684073464102072,-0.0052810749434428145
3.11,1.0684073464102068,0.003999973781122728
3.11,1.1684073464102065,-0.03467596261549813
3.11,1.268407346410207,0.028898287282862093
3.11,1.3684073464102067,0.0016013278317943865
3.11,1.4684073464102072,0.0044576332359314704
3.11,1.5684073464102068,0.019825692746985334
3.11,1.6684073464102074,0.022680206443719205
3.11,1.768407346410207,-0.0050263284424195386
3.11,1.8684073464102067,0.0026194435308124694
3.11,1.9684073464102072,0.0028415251047993403
3.11,2.068407346410207,-0.03405646971592158
3.11,2.1684073464102074,0.02708917338318352
3.11,2.268407346410207,0.016704634453322556
3.11,2.3684073464102067,-0.01611343048302273
3.11,2.468407346410207,-0.020105517092347903
3.11,2.568407346410207,0.03966186187500363
3.11,2.6684073464102074,0.011183253293272025
3.11,2.768407346410207,0.025059733140232295
3.11,2.8684073464102067,-0.0037657012061409964
3.11,2.968407346410207,-0.02270269768422658
3.11,3.068407346410207,0.03310609799393056
